L	9.640050	9.909336	0	10.000000	10.000000	100.040208	0.000000
L	14.997857	9.758254	50000	15.002010	10.001021	100.080383	0.040872
L	19.871376	9.832319	100000	20.006028	10.005108	100.120448	0.122660
L	24.990459	10.058514	150000	25.012045	10.014308	100.160278	0.245399
L	30.143360	9.899355	200000	30.020047	10.030666	100.199698	0.409117
L	35.050094	10.154647	250000	35.030008	10.056234	100.238481	0.613837
L	40.026922	10.276737	300000	40.041889	10.093061	100.276353	0.859571
L	45.127688	10.189697	350000	45.055639	10.143197	100.312986	1.146324
L	50.211488	10.094683	400000	50.071186	10.208693	100.348007	1.474091
L	55.078338	10.636825	450000	55.088439	10.291599	100.380989	1.842857
L	60.019676	10.121513	500000	60.107287	10.393963	100.411459	2.252596
L	65.137372	10.162850	550000	65.127591	10.517834	100.438894	2.703270
L	70.047655	10.721816	600000	70.149186	10.665257	100.462723	3.194827
L	75.150976	10.998750	650000	75.171877	10.838273	100.482326	3.727202
L	80.332084	11.045751	700000	80.195436	11.038921	100.497035	4.300314
L	85.342444	11.215080	750000	85.219602	11.269236	100.506138	4.914063
L	90.522268	11.462619	800000	90.244076	11.531246	100.508872	5.568333
L	95.388160	11.699481	850000	95.268521	11.826973	100.504434	6.262988
L	100.411824	11.907179	900000	100.292557	12.158434	100.491970	6.997868
L	105.494499	12.517184	950000	105.315761	12.527634	100.470588	7.772794
L	110.281438	12.923236	1000000	110.337665	12.936570	100.439348	8.587558
L	115.709973	13.487026	1050000	115.357753	13.387229	100.397271	9.441927
L	120.617250	13.896713	1100000	120.375456	13.881585	100.343336	10.335640
L	125.336928	14.435075	1150000	125.390158	14.421596	100.276482	11.268406
L	130.336310	15.024514	1200000	130.401184	15.009209	100.195612	12.239901
L	135.451111	15.629250	1250000	135.407808	15.646350	100.099588	13.249766
L	140.424828	16.261022	1300000	140.409241	16.334929	99.987241	14.297607
L	145.582281	16.816023	1350000	145.404640	17.076833	99.857365	15.382993
L	150.417827	17.944225	1400000	150.393096	17.873929	99.708723	16.505449
L	155.355911	18.573292	1450000	155.373641	18.728057	99.540049	17.664463
L	160.561268	19.715905	1500000	160.345241	19.641031	99.350049	18.859474
L	165.509998	20.732091	1550000	165.306798	20.614637	99.137399	20.089878
L	170.038597	21.855886	1600000	170.257146	21.650628	98.900757	21.355021
L	175.126516	22.785892	1650000	175.195052	22.750725	98.638755	22.654200
L	179.988568	23.808595	1700000	180.119213	23.916609	98.350009	23.986659
L	184.742651	25.392095	1750000	185.028259	25.149927	98.033117	25.351589
L	190.224272	26.268359	1800000	189.920746	26.452281	97.686663	26.748124
L	194.726860	27.589804	1850000	194.795162	27.825227	97.309222	28.175341
L	199.765719	29.395968	1900000	199.649922	29.270277	96.899360	29.632259
L	204.636333	30.750356	1950000	204.483368	30.788891	96.455639	31.117835
L	208.849958	32.330415	2000000	209.293773	32.382473	95.976619	32.630962
L	214.068545	33.822048	2050000	214.079336	34.052374	95.460862	34.170472
L	218.834977	35.733939	2100000	218.838184	35.799883	94.906935	35.735132
L	223.997500	37.528578	2150000	223.568373	37.626224	94.313416	37.323640
L	228.323945	39.295622	2200000	228.267889	39.532559	93.678894	38.934629
L	233.078761	41.607491	2250000	232.934647	41.519975	93.001975	40.566664
L	237.362817	43.638477	2300000	237.566492	43.589488	92.281286	42.218240
L	242.337182	45.756520	2350000	242.161203	45.742037	91.515476	43.887785
L	246.688338	48.072441	2400000	246.716490	47.978481	90.703227	45.573654
L	251.256147	50.244045	2450000	251.229999	50.299594	89.843251	47.274135
L	255.651879	52.859442	2500000	255.699312	52.706062	88.934297	48.987446
L	259.977559	55.463418	2550000	260.121950	55.198483	87.975156	50.711733
L	264.518108	57.886374	2600000	264.495374	57.777358	86.964665	52.445076
L	268.811964	60.649280	2650000	268.816988	60.443092	85.901711	54.185486
L	273.032707	62.930065	2700000	273.084142	63.195986	84.785235	55.930904
L	277.321496	66.037625	2750000	277.294134	66.036241	83.614238	57.679208
L	281.309994	69.106241	2800000	281.444215	68.963946	82.387784	59.428209
L	285.485896	72.085409	2850000	285.531589	71.979081	81.105006	61.175657
L	289.255467	75.334799	2900000	289.553420	75.081512	79.765108	62.919238
L	293.482158	78.353265	2950000	293.506832	78.270987	78.367373	64.656580
L	297.464914	81.466342	3000000	297.388918	81.547135	76.911161	66.385256
L	301.408442	84.828571	3050000	301.196737	84.909462	75.395924	68.102783
L	304.978820	88.345443	3100000	304.927327	88.357347	73.821197	69.806627
L	308.595381	91.705284	3150000	308.577703	91.890043	72.186613	71.494208
L	312.219350	95.419052	3200000	312.144864	95.506672	70.491903	73.162901
L	315.711436	99.082490	3250000	315.625798	99.206225	68.736896	74.810040
L	319.084490	102.975718	3300000	319.017488	102.987556	66.921530	76.432924
L	322.053468	107.025113	3350000	322.316914	106.849385	65.045849	78.028819
L	325.459431	110.902560	3400000	325.521065	110.790295	63.110012	79.594963
L	328.626621	114.687620	3450000	328.626938	114.808730	61.114291	81.128574
L	331.735321	118.969059	3500000	331.631546	118.902993	59.059077	82.626849
L	334.610903	123.151952	3550000	334.531926	123.071247	56.944881	84.086976
L	337.238623	127.294206	3600000	337.325143	127.311516	54.772339	85.506134
L	340.005220	131.787087	3650000	340.008298	131.621681	52.542210	86.881501
L	342.714781	135.760969	3700000	342.578531	135.999482	50.255381	88.210262
L	344.987130	140.488887	3750000	345.033030	140.442520	47.912870	89.489610
L	347.264195	145.367629	3800000	347.369040	144.948253	45.515820	90.716758
L	349.345814	149.519621	3850000	349.583863	149.514003	43.065510	91.888940
L	351.654275	154.237527	3900000	351.674868	154.136953	40.563346	93.003422
L	353.560544	158.936234	3950000	353.639501	158.814152	38.010867	94.057506
L	355.600928	163.488491	4000000	355.475285	163.542511	35.409745	95.048538
L	357.305832	168.209032	4050000	357.179831	168.318814	32.761780	95.973912
L	359.024936	173.203039	4100000	358.750843	173.139713	30.068903	96.831082
L	360.121297	178.034380	4150000	360.186126	178.001737	27.333172	97.617564
L	361.659711	182.865033	4200000	361.483589	182.901288	24.556774	98.330945
L	362.428972	187.741436	4250000	362.641255	187.834654	21.742018	98.968891
L	363.695973	192.612474	4300000	363.657265	192.798005	18.891335	99.529152
L	364.342178	197.716248	4350000	364.529884	197.787403	16.007277	100.009566
L	365.409072	203.030276	4400000	365.257509	202.798803	13.092508	100.408074
L	365.838924	207.930886	4450000	365.838671	207.828058	10.149807	100.722716
L	366.237208	212.952362	4500000	366.272045	212.870930	7.182059	100.951646
L	366.619965	217.611640	4550000	366.556452	217.923086	4.192250	101.093134
L	366.579441	222.927284	4600000	366.690863	222.980115	1.183468	101.145571
L	366.740663	228.054225	4650000	366.674407	228.037524	-1.841111	101.107479
L	366.396440	233.114647	4700000	366.506377	233.090753	-4.878220	100.977511
L	366.350898	238.167075	4750000	366.186226	238.135175	-7.924515	100.754461
L	365.761143	243.012053	4800000	365.713580	243.166109	-10.976576	100.437267
L	365.156615	248.031653	4850000	365.088236	248.178822	-14.030914	100.025013
L	364.080008	253.181085	4900000	364.310169	253.168540	-17.083982	99.516940
L	363.425356	258.150711	4950000	363.379531	258.130456	-20.132178	98.912442
L	362.600891	263.028773	5000000	362.296656	263.059735	-23.171854	98.211074
L	361.303688	267.856889	5050000	361.062060	267.951525	-26.199328	97.412554
L	359.732775	272.770680	5100000	359.676447	272.800962	-29.210882	96.516767
L	358.350317	277.586373	5150000	358.140705	277.603184	-32.202782	95.523764
L	356.586324	282.460336	5200000	356.455910	282.353332	-35.171278	94.433768
L	354.460422	287.035670	5250000	354.623326	287.046564	-38.112616	93.247170
L	352.812217	291.503831	5300000	352.644404	291.678062	-41.023045	91.964536
L	350.624678	296.350763	5350000	350.520783	296.243040	-43.898829	90.586602
L	348.170421	300.643221	5400000	348.254288	300.736755	-46.736253	89.114277
L	346.028917	305.078946	5450000	345.846929	305.154511	-49.531630	87.548640
L	343.144914	309.411363	5500000	343.300901	309.491671	-52.281314	85.890942
L	340.728501	313.777270	5550000	340.618578	313.743666	-54.981708	84.142602
L	337.939692	318.107454	5600000	337.802514	317.906001	-57.629269	82.305203
L	335.006248	321.762567	5650000	334.855438	321.974265	-60.220521	80.380496
L	331.832984	325.848589	5700000	331.780251	325.944137	-62.752062	78.370389
L	328.684987	329.939441	5750000	328.580023	329.811398	-65.220569	76.276948
L	325.031758	333.660788	5800000	325.257988	333.571934	-67.622812	74.102393
L	321.766964	337.089754	5850000	321.817537	337.221746	-69.955657	71.849091
L	318.314399	340.837271	5900000	318.262219	340.756959	-72.216077	69.519552
L	314.505966	344.178500	5950000	314.595728	344.173825	-74.401157	67.116426
L	311.002473	347.484740	6000000	310.821903	347.468731	-76.508101	64.642494
L	307.089171	350.724681	6050000	306.944718	350.638210	-78.534240	62.100662
L	303.151365	353.793884	6100000	302.968280	353.678939	-80.477038	59.493957
L	298.668075	356.322184	6150000	298.896817	356.587752	-82.334099	56.825517
L	294.671279	359.448239	6200000	294.734673	359.361643	-84.103169	54.098585
L	290.161030	361.957082	6250000	290.486304	361.997768	-85.782145	51.316503
L	286.198845	364.822920	6300000	286.156264	364.493455	-87.369078	48.482702
L	281.949744	366.860595	6350000	281.749202	366.846205	-88.862178	45.600694
L	277.134991	368.971223	6400000	277.269853	369.053696	-90.259815	42.674065
L	272.947541	371.362190	6450000	272.723029	371.113788	-91.560527	39.706466
L	268.151116	373.043733	6500000	268.113610	373.024523	-92.763020	36.701603
L	263.282186	374.655599	6550000	263.446538	374.784133	-93.866170	33.663232
L	258.628055	376.402775	6600000	258.726806	376.391036	-94.869026	30.595144
L	253.846556	377.978150	6650000	253.959451	377.843841	-95.770811	27.501162
L	249.088711	379.012204	6700000	249.149542	379.141350	-96.570922	24.385130
L	244.224332	380.210608	6750000	244.302178	380.282557	-97.268933	21.250903
L	239.657959	381.231474	6800000	239.422471	381.266648	-97.864590	18.102337
L	234.609113	382.234133	6850000	234.515543	382.093004	-98.357816	14.943285
L	229.726226	382.630730	6900000	229.586517	382.761195	-98.748706	11.777584
L	224.601498	383.312924	6950000	224.640503	383.270986	-99.037525	8.609045
L	219.841189	383.686619	7000000	219.682598	383.622329	-99.224710	5.441452
L	214.731763	384.050274	7050000	214.717869	383.815366	-99.310864	2.278543
L	209.769571	383.838290	7100000	209.751351	383.850425	-99.296751	-0.875989
L	204.797224	383.715237	7150000	204.788037	383.728016	-99.183299	-4.018507
L	199.768713	383.472712	7200000	199.832869	383.448830	-98.971590	-7.145442
L	194.838972	383.108091	7250000	194.890729	383.013735	-98.662860	-10.253293
L	190.015884	382.198377	7300000	189.966437	382.423773	-98.258490	-13.338638
L	185.029489	381.815909	7350000	185.064739	381.680152	-97.760007	-16.398142
L	179.979234	380.773462	7400000	180.190299	380.784248	-97.169073	-19.428560
L	175.342058	379.721532	7450000	175.347697	379.737596	-96.487482	-22.426747
L	170.612224	378.451799	7500000	170.541419	378.541884	-95.717154	-25.389660
L	165.665723	377.163431	7550000	165.775854	377.198951	-94.860129	-28.314366
L	161.144649	375.707302	7600000	161.055282	375.710780	-93.918560	-31.198044
L	156.554303	374.268849	7650000	156.383876	374.079492	-92.894708	-34.037994
L	151.654328	371.889026	7700000	151.765692	372.307339	-91.790932	-36.831637
L	147.385867	370.240360	7750000	147.204666	370.396700	-90.609685	-39.576521
L	142.820912	368.177917	7800000	142.704608	368.350073	-89.353506	-42.270323
L	138.173924	366.114925	7850000	138.269202	366.170068	-88.025016	-44.910855
L	133.818872	364.067036	7900000	133.901995	363.859403	-86.626902	-47.496061
L	129.541262	361.638092	7950000	129.606400	361.420893	-85.161921	-50.024022
L	125.357273	358.966137	8000000	125.385691	358.857449	-83.632885	-52.492962
L	121.052831	356.220947	8050000	121.243000	356.172062	-82.042655	-54.901239
L	117.277271	353.237019	8100000	117.181313	353.367808	-80.394139	-57.247357
L	113.191130	350.512658	8150000	113.203472	350.447828	-78.690276	-59.529958
L	109.140528	347.510159	8200000	109.312169	347.415332	-76.934037	-61.747826
L	105.595947	344.186762	8250000	105.509949	344.273585	-75.128414	-63.899886
L	101.918044	341.265994	8300000	101.799204	341.025902	-73.276412	-65.985203
L	98.268648	337.434206	8350000	98.182180	337.675643	-71.381048	-68.002982
L	94.647824	334.418896	8400000	94.660967	334.226203	-69.445337	-69.952564
L	91.410831	330.909924	8450000	91.237507	330.681007	-67.472290	-71.833427
L	87.986179	327.077035	8500000	87.913591	327.043503	-65.464910	-73.645182
L	84.665866	323.333406	8550000	84.690862	323.317153	-63.426178	-75.387572
L	81.522442	319.423683	8600000	81.570811	319.505431	-61.359057	-77.060468
L	78.506957	315.421854	8650000	78.554784	315.611813	-59.266479	-78.663867
L	75.852381	311.683373	8700000	75.643981	311.639773	-57.151344	-80.197889
L	72.812707	307.509810	8750000	72.839456	307.592776	-55.016512	-81.662773
L	69.954426	303.413976	8800000	70.142123	303.474271	-52.864801	-83.058874
L	67.392825	299.020806	8850000	67.552756	299.287686	-50.698980	-84.386658
L	64.819381	295.022024	8900000	65.071991	295.036424	-48.521768	-85.646699
L	62.832527	290.663779	8950000	62.700330	290.723858	-46.335827	-86.839676
L	60.482612	286.412043	9000000	60.438144	286.353321	-44.143759	-87.966365
L	58.363922	281.750306	9050000	58.285673	281.928108	-41.948103	-89.027638
L	56.315172	277.473894	9100000	56.243033	277.451466	-39.751334	-90.024459
L	54.293904	272.913179	9150000	54.310221	272.926593	-37.555856	-90.957876
L	52.589746	268.320228	9200000	52.487110	268.356631	-35.364003	-91.829019
L	50.753656	263.540825	9250000	50.773461	263.744665	-33.178035	-92.639094
L	49.101894	259.096310	9300000	49.168926	259.093717	-31.000139	-93.389380
L	47.787946	254.528723	9350000	47.673045	254.406743	-28.832422	-94.081222
L	46.512457	249.643310	9400000	46.285258	249.686631	-26.676915	-94.716028
L	44.922407	244.899054	9450000	45.004905	244.936196	-24.535568	-95.295264
L	43.745870	240.196242	9500000	43.831228	240.158180	-22.410253	-95.820447
L	42.744135	235.262448	9550000	42.763381	235.355246	-20.302759	-96.293145
L	41.640979	230.677599	9600000	41.800427	230.529979	-18.214796	-96.714967
L	40.862425	225.709003	9650000	40.941350	225.684881	-16.147993	-97.087564
L	40.051087	220.802670	9700000	40.185050	220.822371	-14.103896	-97.412619
L	39.451512	215.924739	9750000	39.530354	215.944784	-12.083973	-97.691846
L	38.954032	211.108657	9800000	38.976019	211.054368	-10.089610	-97.926985
L	38.408992	205.937711	9850000	38.520731	206.153283	-8.122117	-98.119799
L	38.203173	201.199714	9900000	38.163116	201.243600	-6.182722	-98.272066
L	37.804785	196.164101	9950000	37.901738	196.327303	-4.272579	-98.385581
L	37.720165	191.140498	10000000	37.735107	191.406282	-2.392765	-98.462146
L	37.718977	186.375668	10050000	37.661680	186.482341	-0.544285	-98.503570
L	37.466917	181.787488	10100000	37.679867	181.557191	1.271931	-98.511666
L	37.608038	176.599826	10150000	37.788032	176.632452	3.055023	-98.488243
L	38.030341	171.804939	10200000	37.984497	171.709655	4.804198	-98.435110
L	38.287491	166.819826	10250000	38.267549	166.790240	6.518731	-98.354066
L	38.967613	161.850208	10300000	38.635436	161.875557	8.197961	-98.246898
L	38.946277	157.020650	10350000	39.086380	156.966867	9.841290	-98.115385
L	39.662572	152.137906	10400000	39.618570	152.065344	11.448179	-97.961284
L	40.167204	146.980351	10450000	40.230171	147.172072	13.018147	-97.786338
L	40.905724	142.266431	10500000	40.919327	142.288051	14.550769	-97.592267
L	41.669636	137.357871	10550000	41.684160	137.414192	16.045672	-97.380767
L	42.405489	132.663209	10600000	42.522776	132.551327	17.502531	-97.153511
L	43.255222	127.705708	10650000	43.433265	127.700199	18.921072	-96.912143
L	44.545671	122.769069	10700000	44.413706	122.861475	20.301064	-96.658276
L	45.482685	118.038315	10750000	45.462164	118.035738	21.642318	-96.393496
L	46.618376	113.357720	10800000	46.576701	113.223496	22.944686	-96.119351
L	47.965639	108.148158	10850000	47.755368	108.425176	24.208055	-95.837359
L	49.114725	103.710826	10900000	48.996213	103.641135	25.432348	-95.549001
L	50.352291	98.847314	10950000	50.297281	98.871654	26.617520	-95.255720
L	51.901328	94.037807	11000000	51.656616	94.116943	27.763555	-94.958922
L	52.795105	89.348842	11050000	53.072261	89.377143	28.870461	-94.659973
L	54.564324	84.668869	11100000	54.542261	84.652328	29.938274	-94.360199
L	56.312308	79.778080	11150000	56.064662	79.942505	30.967050	-94.060886
L	57.943059	75.342065	11200000	57.637514	75.247622	31.956864	-93.763277
L	59.393461	70.400602	11250000	59.258872	70.567560	32.907807	-93.468572
L	60.881224	65.774885	11300000	60.926794	65.902146	33.819987	-93.177930
L	62.699721	60.915410	11350000	62.639347	61.251148	34.693521	-92.892464
L	64.217641	56.512267	11400000	64.394602	56.614280	35.528539	-92.613243
L	65.927243	52.063530	11450000	66.190635	51.991203	36.325177	-92.341293
L	68.166354	47.046931	11500000	68.025533	47.381528	37.083578	-92.077595
L	70.182157	42.850792	11550000	69.897386	42.784820	37.803887	-91.823081
L	71.998508	38.113405	11600000	71.804296	38.200595	38.486253	-91.578642
L	73.514072	33.562366	11650000	73.744368	33.628329	39.130825	-91.345121
L	75.399022	28.946276	11700000	75.715718	29.067454	39.737748	-91.123314
L	77.634372	24.745807	11750000	77.716466	24.517367	40.307167	-90.913974
L	79.816147	20.080883	11800000	79.744742	19.977424	40.839219	-90.717804
L	81.780117	15.343954	11850000	81.798681	15.446952	41.334037	-90.535462
L	83.806059	10.916458	11900000	83.876425	10.925242	41.791745	-90.367561
L	86.020804	6.405911	11950000	85.976123	6.411558	42.212460	-90.214665
L	88.199478	1.743236	12000000	88.095927	1.905135	42.596285	-90.077292
L	90.294513	-2.606900	12050000	90.233996	-2.594813	42.943316	-89.955914
L	92.536334	-7.109429	12100000	92.388493	-7.089099	43.253634	-89.850955
L	94.685481	-11.290589	12150000	94.557586	-11.578553	43.527308	-89.762793
L	96.537224	-15.846989	12200000	96.739442	-16.064025	43.764393	-89.691758
L	98.637948	-20.440891	12250000	98.932236	-20.546377	43.964929	-89.638134
L	101.262511	-25.022315	12300000	101.134141	-25.026487	44.128942	-89.602156
L	103.419916	-29.299986	12350000	103.343332	-29.505242	44.256440	-89.584015
L	105.402423	-34.010478	12400000	105.557983	-33.983539	44.347419	-89.583852
L	107.997051	-38.455941	12450000	107.776268	-38.462278	44.401854	-89.601760
L	110.000629	-43.038181	12500000	109.996361	-42.942366	44.419707	-89.637787
L	112.148428	-47.511559	12550000	112.216431	-47.424709	44.400923	-89.691932
L	114.252941	-51.848596	12600000	114.434645	-51.910212	44.345429	-89.764147
L	116.790201	-56.438384	12650000	116.649167	-56.399776	44.253139	-89.854334
L	118.954797	-60.972603	12700000	118.858155	-60.894297	44.123947	-89.962348
L	121.078742	-65.691995	12750000	121.059761	-65.394662	43.957735	-90.087998
L	123.218980	-69.738833	12800000	123.252132	-69.901748	43.754369	-90.231042
L	125.120463	-74.595680	12850000	125.433407	-74.416417	43.513699	-90.391190
L	127.565314	-78.730065	12900000	127.601717	-78.939517	43.235564	-90.568104
L	129.863681	-83.576701	12950000	129.755186	-83.471877	42.919788	-90.761395
L	131.527414	-87.867004	13000000	131.891927	-88.014305	42.566184	-90.970629
L	133.939511	-92.643277	13050000	134.010045	-92.567586	42.174554	-91.195319
L	136.335314	-97.019479	13100000	136.107633	-97.132482	41.744690	-91.434930
L	137.987891	-102.107911	13150000	138.182775	-101.709723	41.276376	-91.688879
L	140.065791	-106.261620	13200000	140.233544	-106.300012	40.769390	-91.956531
L	142.201609	-111.234086	13250000	142.258001	-110.904017	40.223501	-92.237203
L	144.306845	-115.815264	13300000	144.254195	-115.522372	39.638478	-92.530162
L	146.067708	-120.072216	13350000	146.220165	-120.155671	39.014084	-92.834624
L	147.963282	-124.674713	13400000	148.153935	-124.804471	38.350084	-93.149757
L	149.870128	-129.439505	13450000	150.053521	-129.469282	37.646243	-93.474679
L	151.822353	-133.996767	13500000	151.916926	-134.150572	36.902330	-93.808458
L	153.808838	-139.023179	13550000	153.742139	-138.848759	36.118117	-94.150112
L	155.697937	-143.521015	13600000	155.527141	-143.564213	35.293385	-94.498611
L	157.279296	-148.233700	13650000	157.269902	-148.297249	34.427927	-94.852874
L	159.073846	-153.214447	13700000	158.968379	-153.048128	33.521542	-95.211774
L	160.389005	-157.960858	13750000	160.620523	-157.817053	32.574049	-95.574134
L	162.072855	-162.585086	13800000	162.224273	-162.604167	31.585280	-95.938730
L	163.846128	-167.514998	13850000	163.777563	-167.409551	30.555089	-96.304290
L	165.408215	-172.424669	13900000	165.278319	-172.233221	29.483348	-96.669496
L	166.519664	-177.069010	13950000	166.724460	-177.075126	28.369958	-97.032985
L	167.710584	-181.866464	14000000	168.113901	-181.935145	27.214843	-97.393348
L	169.459917	-186.876289	14050000	169.444557	-186.813086	26.017959	-97.749133
L	170.590046	-191.745960	14100000	170.714337	-191.708684	24.779295	-98.098844
L	171.884533	-196.589283	14150000	171.921153	-196.621598	23.498874	-98.440945
L	173.026599	-201.559200	14200000	173.062918	-201.551408	22.176759	-98.773860
L	174.310122	-206.356996	14250000	174.137551	-206.497615	20.813052	-99.095973
L	175.030490	-211.506913	14300000	175.142974	-211.459639	19.407900	-99.405632
L	176.078935	-216.585960	14350000	176.077121	-216.436815	17.961497	-99.701149
L	176.914728	-221.285520	14400000	176.937934	-221.428394	16.474086	-99.980805
L	177.860971	-226.304138	14450000	177.723370	-226.433540	14.945964	-100.242846
L	178.572287	-231.428440	14500000	178.431401	-231.451327	13.377482	-100.485492
L	179.287842	-236.563929	14550000	179.060018	-236.480743	11.769048	-100.706935
L	179.502377	-241.578473	14600000	179.607237	-241.520680	10.121132	-100.905345
L	180.167694	-246.593438	14650000	180.071094	-246.569943	8.434267	-101.078869
L	180.652576	-251.708812	14700000	180.449657	-251.627240	6.709053	-101.225635
L	180.995811	-256.444629	14750000	180.741025	-256.691186	4.946156	-101.343757
L	180.832461	-261.891480	14800000	180.943329	-261.760304	3.146315	-101.431337
L	181.176277	-266.823435	14850000	181.054744	-266.833017	1.310341	-101.486467
L	181.098788	-271.923259	14900000	181.073483	-271.907657	-0.560882	-101.507235
L	180.915238	-276.895134	14950000	180.997807	-276.982458	-2.466388	-101.491727
L	180.676931	-282.350061	15000000	180.826027	-282.055557	-4.405137	-101.438029
L	180.512385	-287.126255	15050000	180.556507	-287.125000	-6.376005	-101.344238
L	180.207584	-292.416365	15100000	180.187670	-292.188733	-8.377788	-101.208456
L	179.719158	-297.229847	15150000	179.718003	-297.244610	-10.409197	-101.028805
L	179.376324	-302.220218	15200000	179.146057	-302.290391	-12.468858	-100.803421
L	178.276306	-307.485702	15250000	178.470453	-307.323744	-14.555314	-100.530466
L	177.482166	-312.037908	15300000	177.689891	-312.342245	-16.667018	-100.208131
L	176.689100	-317.238979	15350000	176.803147	-317.343380	-18.802339	-99.834639
L	175.767754	-322.540919	15400000	175.809081	-322.324548	-20.959558	-99.408249
L	174.572095	-327.200399	15450000	174.706644	-327.283062	-23.136868	-98.927265
L	173.347921	-332.191846	15500000	173.494875	-332.216149	-25.332376	-98.390039
L	172.135662	-337.059957	15550000	172.172914	-337.120957	-27.544104	-97.794973
L	170.718502	-341.905509	15600000	170.740000	-341.994557	-29.769987	-97.140528
L	169.376009	-346.783017	15650000	169.195476	-346.833940	-32.007874	-96.425230
L	167.500233	-351.705592	15700000	167.538798	-351.636030	-34.255536	-95.647670
L	165.592771	-356.549491	15750000	165.769533	-356.397678	-36.510657	-94.806513
L	163.989020	-360.859828	15800000	163.887367	-361.115672	-38.770846	-93.900503
L	162.016321	-365.811308	15850000	161.892107	-365.786740	-41.033632	-92.928468
L	159.850264	-370.317605	15900000	159.783684	-370.407553	-43.296473	-91.889321
L	157.675064	-374.934213	15950000	157.562161	-374.974729	-45.556752	-90.782071
L	155.173470	-379.718118	16000000	155.227731	-379.484839	-47.811786	-89.605825
L	152.762098	-383.891713	16050000	152.780724	-383.934413	-50.058827	-88.359792
L	150.249015	-388.507518	16100000	150.221609	-388.319943	-52.295067	-87.043288
L	147.619742	-392.681604	16150000	147.550995	-392.637890	-54.517639	-85.655742
L	144.616669	-396.867747	16200000	144.769640	-396.884689	-56.723626	-84.196698
L	141.744041	-400.974262	16250000	141.878444	-401.056755	-58.910063	-82.665820
L	139.018752	-405.106277	16300000	138.878459	-405.150489	-61.073944	-81.062898
L	135.974012	-409.160952	16350000	135.770889	-409.162287	-63.212223	-79.387847
L	132.564669	-413.141339	16400000	132.557089	-413.088541	-65.321826	-77.640715
L	129.057474	-416.951748	16450000	129.238571	-416.925649	-67.399651	-75.821683
L	125.648334	-420.446284	16500000	125.816999	-420.670023	-69.442579	-73.931068
L	122.507027	-424.081437	16550000	122.294198	-424.318093	-71.447476	-71.969328
L	118.721814	-427.983525	16600000	118.672146	-427.866317	-73.411203	-69.937061
L	114.959960	-431.206302	16650000	114.952980	-431.311184	-75.330620	-67.835011
L	111.005745	-434.663318	16700000	111.138993	-434.649225	-77.202595	-65.664064
L	107.059097	-437.738697	16750000	107.232635	-437.877020	-79.024010	-63.425253
L	103.057435	-440.807557	16800000	103.236512	-440.991203	-80.791768	-61.119757
L	99.079337	-443.751199	16850000	99.153383	-443.988470	-82.502804	-58.748903
L	94.874829	-447.024671	16900000	94.986160	-446.865589	-84.154085	-56.314164
L	90.683168	-449.541509	16950000	90.737905	-449.619403	-85.742624	-53.817159
L	86.267941	-452.271107	17000000	86.411830	-452.246843	-87.265484	-51.259653
L	82.008249	-454.581932	17050000	82.011290	-454.744927	-88.719790	-48.643555
L	77.634566	-457.201266	17100000	77.539785	-457.110776	-90.102730	-45.970916
L	73.027486	-459.240220	17150000	73.000950	-459.341615	-91.411568	-43.243927
L	68.129542	-461.419703	17200000	68.398560	-461.434784	-92.643647	-40.464915
L	63.551076	-463.531556	17250000	63.736516	-463.387740	-93.796402	-37.636343
L	58.975175	-465.256554	17300000	59.018847	-465.198069	-94.867362	-34.760803
L	54.213222	-466.737351	17350000	54.249704	-466.863487	-95.854158	-31.841014
L	49.335852	-468.216068	17400000	49.433352	-468.381853	-96.754534	-28.879818
L	44.881563	-469.884691	17450000	44.574168	-469.751168	-97.566349	-25.880172
L	39.838149	-470.771984	17500000	39.676630	-470.969583	-98.287584	-22.845148
L	34.751167	-472.167513	17550000	34.745317	-472.035409	-98.916350	-19.777921
L	29.840268	-472.903244	17600000	29.784898	-472.947116	-99.450895	-16.681769
L	24.759707	-473.583480	17650000	24.800125	-473.703339	-99.889606	-13.560063
L	19.806568	-474.010789	17700000	19.795829	-474.302887	-100.231017	-10.416259
L	14.718625	-474.839999	17750000	14.776909	-474.744741	-100.473814	-7.253898
L	9.799931	-475.121243	17800000	9.748327	-475.028063	-100.616836	-4.076588
L	4.696731	-475.012389	17850000	4.715099	-475.152196	-100.659084	-0.888007
L	-0.412884	-475.032505	17900000	-0.317714	-475.116670	-100.599723	2.308114
L	-5.608323	-475.015273	17950000	-5.345013	-474.921199	-100.438084	5.507993
L	-10.392657	-474.687915	18000000	-10.361669	-474.565693	-100.173669	8.707807
L	-15.442482	-473.635724	18050000	-15.362532	-474.050249	-99.806150	11.903703
L	-20.564483	-473.189655	18100000	-20.342442	-473.375160	-99.335375	15.091803
L	-25.273535	-472.620110	18150000	-25.296235	-472.540912	-98.761367	18.268217
L	-30.269418	-471.619912	18200000	-30.218750	-471.548188	-98.084326	21.429046
L	-35.069745	-470.537361	18250000	-35.104844	-470.397863	-97.304629	24.570399
L	-40.186969	-469.239956	18300000	-39.949396	-469.091008	-96.422830	27.688394
L	-44.859768	-467.809966	18350000	-44.747316	-467.628889	-95.439658	30.779172
L	-49.405136	-465.890366	18400000	-49.493556	-466.012961	-94.356019	33.838906
L	-54.189765	-464.368174	18450000	-54.183118	-464.244872	-93.172992	36.863809
L	-58.685972	-462.363427	18500000	-58.811061	-462.326458	-91.891827	39.850139
L	-63.346230	-460.062364	18550000	-63.372511	-460.259739	-90.513945	42.794216
L	-67.656909	-457.984131	18600000	-67.862670	-458.046921	-89.040930	45.692423
L	-72.376338	-455.825317	18650000	-72.276823	-455.690385	-87.474529	48.541219
L	-76.625957	-453.190483	18700000	-76.610346	-453.192690	-85.816651	51.337145
L	-80.684037	-450.433942	18750000	-80.858716	-450.556565	-84.069353	54.076833
L	-85.131783	-447.841864	18800000	-85.017514	-447.784904	-82.234845	56.757013
L	-88.991377	-444.886574	18850000	-89.082436	-444.880764	-80.315479	59.374522
L	-93.027103	-441.563922	18900000	-93.049301	-441.847355	-78.313745	61.926307
L	-97.025864	-438.588590	18950000	-96.914053	-438.688040	-76.232264	64.409437
L	-100.862235	-435.397438	19000000	-100.672773	-435.406321	-74.073783	66.821106
L	-104.176074	-431.816131	19050000	-104.321681	-432.005842	-71.841168	69.158641
L	-108.153617	-428.392997	19100000	-107.857143	-428.490374	-69.537393	71.419506
L	-111.154797	-424.774966	19150000	-111.275676	-424.863812	-67.165541	73.601306
L	-114.589184	-420.900430	19200000	-114.573956	-421.130168	-64.728785	75.701796
L	-117.824900	-417.365730	19250000	-117.748817	-417.293561	-62.230392	77.718881
L	-120.782263	-413.234526	19300000	-120.797260	-413.358212	-59.673705	79.650622
L	-123.569545	-409.343650	19350000	-123.716456	-409.328436	-57.062140	81.495239
L	-126.415968	-405.117993	19400000	-126.503746	-405.208630	-54.399178	83.251113
L	-129.151999	-400.837319	19450000	-129.156649	-401.003272	-51.688353	84.916790
L	-131.688152	-396.561357	19500000	-131.672861	-396.716904	-48.933247	86.490981
L	-133.849394	-392.278867	19550000	-134.050257	-392.354132	-46.137479	87.972566
L	-136.101802	-387.961598	19600000	-136.286897	-387.919611	-43.304697	89.360592
L	-138.388256	-383.200820	19650000	-138.381019	-383.418043	-40.438570	90.654273
L	-140.009195	-378.826500	19700000	-140.331051	-378.854161	-37.542779	91.852995
L	-142.003703	-373.981993	19750000	-142.135600	-374.232727	-34.621008	92.956311
L	-143.659723	-369.488214	19800000	-143.793460	-369.558520	-31.676937	93.963939
L	-145.399581	-364.817531	19850000	-145.303608	-364.836330	-28.714232	94.875766
L	-146.804248	-360.423066	19900000	-146.665204	-360.070949	-25.736538	95.691841
L	-147.797640	-355.149489	19950000	-147.877590	-355.267159	-22.747470	96.412374
L	-148.752811	-350.667916	20000000	-148.940287	-350.429732	-19.750608	97.037734
L	-149.880048	-345.754136	20050000	-149.852995	-345.563414	-16.749486	97.568448
L	-150.560571	-340.923903	20100000	-150.615589	-340.672923	-13.747586	98.005193
L	-151.493853	-335.837031	20150000	-151.228117	-335.762939	-10.748331	98.348793
L	-151.470562	-330.990900	20200000	-151.690796	-330.838096	-7.755081	98.600219
L	-152.156094	-325.955329	20250000	-152.004010	-325.902977	-4.771121	98.760581
L	-152.166322	-321.057377	20300000	-152.168305	-320.962106	-1.799660	98.831122
L	-152.075678	-316.121603	20350000	-152.184385	-316.019941	1.156178	98.813215
L	-152.072929	-310.917130	20400000	-152.053109	-311.080868	4.093356	98.708360
L	-151.477874	-306.206090	20450000	-151.775486	-306.149197	7.008933	98.518173
L	-151.226380	-301.046616	20500000	-151.352667	-301.229150	9.900066	98.244385
L	-151.172344	-296.412537	20550000	-150.785945	-296.324865	12.764017	97.888831
L	-149.952240	-291.299046	20600000	-150.076748	-291.440381	15.598151	97.453451
L	-149.351780	-286.526260	20650000	-149.226630	-286.579640	18.399949	96.940277
L	-148.336849	-281.730880	20700000	-148.237271	-281.746479	21.167000	96.351431
L	-147.197936	-277.026553	20750000	-147.110466	-276.944629	23.897014	95.689115
L	-145.502172	-271.849987	20800000	-145.848125	-272.177706	26.587818	94.955609
L	-144.616657	-267.502072	20850000	-144.452260	-267.449211	29.237361	94.153260
L	-142.906440	-263.040690	20900000	-142.924985	-262.762527	31.843712	93.284479
L	-141.101133	-258.186559	20950000	-141.268507	-258.120914	34.405067	92.351733
L	-139.516009	-253.457469	21000000	-139.485118	-253.527508	36.919746	91.357537
L	-137.576214	-249.014968	21050000	-137.577195	-248.985317	39.386192	90.304451
L	-135.451491	-244.634136	21100000	-135.547185	-244.497221	41.802976	89.195071
L	-133.402176	-239.948148	21150000	-133.397607	-240.065970	44.168794	88.032023
L	-130.992252	-235.701090	21200000	-131.131041	-235.694179	46.482464	86.817959
L	-128.752600	-231.595958	21250000	-128.750121	-231.384334	48.742931	85.555548
L	-126.194563	-227.035193	21300000	-126.257533	-227.138783	50.949261	84.247472
L	-123.375310	-223.068598	21350000	-123.656006	-222.959744	53.100644	82.896419
L	-120.978240	-218.668446	21400000	-120.948307	-218.849296	55.196385	81.505081
L	-117.988069	-214.898430	21450000	-118.137233	-214.809386	57.235912	80.076143
L	-115.049382	-210.621233	21500000	-115.225608	-210.841828	59.218764	78.612282
L	-112.295753	-207.146398	21550000	-112.216276	-206.948299	61.144595	77.116160
L	-108.883151	-203.303111	21600000	-109.112096	-203.130347	63.013171	75.590423
L	-106.047336	-199.583855	21650000	-105.915934	-199.389385	64.824362	74.037691
L	-102.859942	-195.667349	21700000	-102.630663	-195.726697	66.578144	72.460555
L	-99.021226	-192.143294	21750000	-99.259152	-192.143440	68.274596	70.861579
L	-95.859096	-188.592531	21800000	-95.804264	-188.640641	69.913891	69.243286
L	-92.275543	-184.965755	21850000	-92.268852	-185.219202	71.496301	67.608164
L	-88.479670	-181.899428	21900000	-88.655751	-181.879903	73.022183	65.958657
L	-84.923854	-178.854127	21950000	-84.967779	-178.623403	74.491986	64.297164
L	-81.248979	-175.379625	22000000	-81.207727	-175.450240	75.906239	62.626036
L	-77.166425	-172.021916	22050000	-77.378357	-172.360838	77.265551	60.947571
L	-73.774919	-169.597174	22100000	-73.482402	-169.355507	78.570606	59.264017
L	-69.554794	-166.624807	22150000	-69.522555	-166.434445	79.822158	57.577564
L	-65.493837	-163.916592	22200000	-65.501472	-163.597743	81.021030	55.890348
L	-61.540077	-160.906241	22250000	-61.421765	-160.845385	82.168105	54.204443
L	-57.250567	-158.405883	22300000	-57.286002	-158.177255	83.264328	52.521865
L	-53.007632	-155.210029	22350000	-53.096700	-155.593137	84.310696	50.844569
L	-48.905844	-153.137427	22400000	-48.856326	-153.092717	85.308258	49.174447
L	-44.331528	-150.919552	22450000	-44.567293	-150.675591	86.258108	47.513327
L	-40.301429	-148.611788	22500000	-40.231959	-148.341262	87.161383	45.862978
L	-35.742860	-145.940383	22550000	-35.852624	-146.089150	88.019260	44.225100
L	-31.402775	-143.988798	22600000	-31.431528	-143.918587	88.832947	42.601333
L	-27.064926	-141.889121	22650000	-26.970848	-141.828830	89.603686	40.993251
L	-22.652267	-139.717934	22700000	-22.472701	-139.819053	90.332744	39.402368
L	-17.938534	-137.900739	22750000	-17.939138	-137.888360	91.021411	37.830131
L	-13.433310	-135.923208	22800000	-13.372146	-136.035784	91.670997	36.277927
L	-9.056431	-134.041271	22850000	-8.773647	-134.260288	92.282826	34.747081
L	-3.907200	-132.688997	22900000	-4.145494	-132.560772	92.858238	33.238856
L	0.458553	-131.093503	22950000	0.510526	-130.936074	93.398579	31.754458
L	5.396666	-129.266059	23000000	5.192694	-129.384974	93.905200	30.295030
L	10.058798	-127.888976	23050000	9.899357	-127.906195	94.379457	28.861662
L	14.761104	-126.309406	23100000	14.628931	-126.498407	94.822704	27.455384
L	19.218527	-125.181884	23150000	19.379901	-125.160231	95.236292	26.077174
L	24.311213	-123.648492	23200000	24.150816	-123.890239	95.621566	24.727956
L	28.913848	-123.015088	23250000	28.940296	-122.686960	95.979859	23.408601
L	33.928523	-121.682769	23300000	33.747025	-121.548879	96.312496	22.119932
L	38.618136	-120.770641	23350000	38.569754	-120.474443	96.620786	20.862721
L	43.201754	-119.725439	23400000	43.407297	-119.462059	96.906021	19.637696
L	48.209559	-118.480394	23450000	48.258534	-118.510101	97.169474	18.445539
L	53.061115	-117.484254	23500000	53.122409	-117.616910	97.412398	17.286888
L	58.182828	-116.753590	23550000	57.997926	-116.780793	97.636021	16.162341
L	63.191447	-115.870849	23600000	62.884151	-116.000033	97.841548	15.072457
L	67.716755	-115.289855	23650000	67.780209	-115.272883	98.030153	14.017755
L	72.579101	-114.490139	23700000	72.685283	-114.597570	98.202986	12.998721
L	77.655591	-113.895510	23750000	77.598613	-113.972301	98.361162	12.015804
L	82.402569	-113.625136	23800000	82.519495	-113.395259	98.505766	11.069425
L	87.606213	-112.974906	23850000	87.447276	-112.864608	98.637849	10.159970
L	92.459014	-112.254075	23900000	92.381357	-112.378491	98.758426	9.287801
L	97.597806	-111.676767	23950000	97.321188	-111.935037	98.868476	8.453248
L	102.356306	-111.363471	24000000	102.266266	-111.532356	98.968941	7.656621
L	107.029820	-111.249759	24050000	107.216135	-111.168546	99.060723	6.898202
L	112.329286	-110.819648	24100000	112.170384	-110.841690	99.144685	6.178254
L	116.927267	-110.255162	24150000	117.128644	-110.549858	99.221647	5.497019
L	122.463892	-110.395474	24200000	122.090583	-110.291109	99.292390	4.854719
L	127.273363	-110.196670	24250000	127.055911	-110.063491	99.357650	4.251559
L	132.031657	-109.848350	24300000	132.024371	-109.865044	99.418119	3.687728
L	136.941937	-109.709651	24350000	136.995742	-109.693796	99.474446	3.163399
L	141.864969	-109.690600	24400000	141.969830	-109.547768	99.527235	2.678733
L	146.902530	-109.412990	24450000	146.946475	-109.424974	99.577042	2.233877
L	152.074449	-109.366445	24500000	151.925541	-109.323421	99.624380	1.828966
L	157.339219	-109.113484	24550000	156.906917	-109.241108	99.669711	1.464127
L	161.958020	-109.177341	24600000	161.890513	-109.176029	99.713453	1.139472
L	166.986227	-109.126511	24650000	166.876260	-109.126173	99.755974	0.855110
L	171.889048	-108.697641	24700000	171.864106	-109.089523	99.797596	0.611137
L	176.945827	-109.093064	24750000	176.854013	-109.064058	99.838589	0.407643
L	181.763761	-109.003217	24800000	181.845957	-109.047751	99.879177	0.244710
L	186.560649	-109.148868	24850000	186.839922	-109.038574	99.919534	0.122414
L	191.746165	-109.121196	24900000	191.835901	-109.034494	99.959784	0.040823
L	196.827378	-108.880088	24950000	196.833891	-109.033473	100.000000	-0.000000
