0	14.389146	0.775757	70.079290	10.000000	10.000000
50000	18.145486	0.571512	83.523295	15.000000	10.000000
100000	22.471737	0.483584	89.426312	20.000000	10.000314
150000	26.970793	0.342351	93.539175	25.000000	10.001021
200000	31.799719	0.346844	94.733937	30.000000	10.002278
250000	36.464945	0.286140	96.504497	34.999999	10.004241
300000	40.632470	0.218397	96.503243	39.999999	10.007069
350000	45.832578	0.259466	97.821229	44.999997	10.010917
400000	51.274929	0.205448	97.863370	49.999995	10.015944
450000	56.439025	0.216273	98.464397	54.999990	10.022305
500000	61.259674	0.206922	98.670696	59.999984	10.030159
550000	65.550414	0.141686	98.769846	64.999975	10.039663
600000	71.039815	0.116841	99.374744	69.999962	10.050972
650000	75.764400	0.095427	99.379171	74.999945	10.064246
700000	80.824316	0.146090	99.884170	79.999921	10.079639
750000	85.129293	0.080603	98.963324	84.999890	10.097311
800000	90.384916	0.089859	98.934859	89.999849	10.117417
850000	95.435174	0.106034	99.340516	94.999798	10.140115
900000	100.645132	0.135785	99.692725	99.999733	10.165562
950000	104.986974	0.081817	99.997911	104.999652	10.193914
1000000	110.343516	0.136091	99.897357	109.999554	10.225330
1050000	115.270474	0.109196	98.955958	114.999434	10.259966
1100000	119.807930	0.077305	100.089046	119.999289	10.297979
1150000	124.999340	0.110383	99.564601	124.999116	10.339526
1200000	130.081122	0.041996	99.238108	129.998911	10.384764
1250000	134.966743	0.132731	99.612454	134.998670	10.433851
1300000	140.871950	0.049295	100.351527	139.998388	10.486943
1350000	144.933127	0.050216	99.638396	144.998060	10.544197
1400000	151.271134	-0.012278	99.749831	149.997681	10.605771
1450000	155.493266	0.042003	99.973133	154.997245	10.671821
1500000	160.811688	0.095074	99.550928	159.996745	10.742504
1550000	165.363176	0.079748	99.927245	164.996175	10.817978
1600000	170.385846	0.055370	99.457462	169.995528	10.898399
1650000	175.503515	0.081311	100.199663	174.994796	10.983925
1700000	180.515731	0.048144	99.900391	179.993972	11.074712
1750000	185.227673	0.117828	100.057748	184.993046	11.170917
1800000	189.526662	0.065987	99.691252	189.992009	11.272698
1850000	195.557475	0.038283	100.056257	194.990853	11.380211
1900000	200.682680	0.059460	100.038812	199.989567	11.493612
1950000	205.454741	0.088592	100.290686	204.988139	11.613060
2000000	209.932615	0.030560	100.042772	209.986560	11.738711
2050000	214.899860	0.057547	100.217006	214.984817	11.870721
2100000	219.704099	0.029527	100.057337	219.982897	12.009247
2150000	225.385926	0.035856	99.540791	224.980788	12.154447
2200000	230.139010	0.046105	99.996527	229.978476	12.306476
2250000	235.221216	0.035996	100.395236	234.975946	12.465493
2300000	240.952185	0.041498	99.894310	239.973184	12.631652
2350000	245.158681	0.029656	100.181853	244.970174	12.805112
2400000	250.806961	0.091928	100.190743	249.966899	12.986028
2450000	255.989573	0.076187	99.775343	254.963343	13.174558
2500000	260.211649	0.021884	100.593289	259.959488	13.370857
2550000	265.762173	0.022832	100.009851	264.955315	13.575082
2600000	270.504851	0.045101	100.378943	269.950805	13.787390
2650000	275.732086	0.085713	100.269235	274.945938	14.007936
2700000	279.861684	0.070811	100.263295	279.940693	14.236878
2750000	285.127206	0.074907	100.219871	284.935049	14.474372
2800000	290.552186	0.062571	100.217146	289.928983	14.720573
2850000	295.764693	0.084216	99.494880	294.922472	14.975638
2900000	300.360488	0.047180	99.790802	299.915492	15.239723
2950000	304.772025	0.008181	100.143873	304.908019	15.512984
3000000	310.458951	0.046919	99.901240	309.900026	15.795577
3050000	315.250074	0.040267	99.450221	314.891487	16.087657
3100000	320.402567	0.048859	99.829968	319.882374	16.389381
3150000	324.622230	0.092351	99.700329	324.872659	16.700903
3200000	330.471391	0.025107	99.907598	329.862313	17.022380
3250000	335.639879	0.006717	100.360941	334.851305	17.353967
3300000	340.024274	0.015564	99.839462	339.839604	17.695820
3350000	345.579471	0.081108	100.285544	344.827178	18.048093
3400000	350.344668	0.066074	99.676436	349.813994	18.410942
3450000	354.763895	0.034549	99.996485	354.800017	18.784521
3500000	360.402424	0.076205	100.037068	359.785213	19.168986
3550000	365.308928	0.051184	99.616045	364.769545	19.564492
3600000	370.550726	0.015420	100.028297	369.752976	19.971192
3650000	374.870173	0.037561	100.241106	374.735467	20.389242
3700000	379.731480	0.040739	100.072686	379.716980	20.818796
3750000	385.266322	0.093760	100.026787	384.697474	21.260008
3800000	389.920361	0.040743	99.463108	389.676908	21.713032
3850000	395.437927	0.088025	99.540444	394.655238	22.178021
3900000	400.436638	-0.001383	100.162030	399.632422	22.655130
3950000	405.473335	0.095800	99.732854	404.608413	23.144512
4000000	410.873848	0.091672	100.131617	409.583167	23.646321
4050000	415.301193	0.050216	100.030225	414.556636	24.160709
4100000	419.880826	0.082293	100.081444	419.528771	24.687829
4150000	425.117531	0.055503	100.529873	424.499524	25.227834
4200000	430.576792	0.072718	100.026737	429.468842	25.780877
4250000	434.824463	0.025311	99.670839	434.436675	26.347110
4300000	440.301273	0.067945	99.475866	439.402970	26.926684
4350000	445.026031	0.079716	100.430160	444.367670	27.519753
4400000	450.884145	0.043754	99.606445	449.330722	28.126466
4450000	455.542895	0.072429	100.028814	454.292068	28.746976
4500000	459.353218	0.047938	99.654295	459.251649	29.381433
4550000	465.026846	0.028452	99.789598	464.209407	30.029988
4600000	469.678249	0.091671	99.207250	469.165279	30.692792
4650000	475.346242	0.046520	99.907362	474.119205	31.369995
4700000	480.191782	0.067717	99.690445	479.071120	32.061747
4750000	484.609349	0.099595	99.521609	484.020959	32.768197
4800000	490.304955	0.113454	99.041191	488.968657	33.489494
4850000	494.687310	0.058408	99.630779	493.914145	34.225787
4900000	500.661668	0.070832	99.910266	498.857355	34.977225
4950000	505.262131	0.094382	99.917535	503.798215	35.743957
5000000	509.986480	0.111213	99.665442	508.736655	36.526129
5050000	515.715497	0.094121	99.477223	513.672600	37.323889
5100000	519.818339	0.048764	99.113180	518.605977	38.137384
5150000	524.926290	0.062785	99.860290	523.536708	38.966762
5200000	529.704475	0.046316	99.957764	528.464717	39.812167
5250000	534.480065	0.061299	99.722457	533.389923	40.673746
5300000	539.682985	0.112003	100.110265	538.312247	41.551645
5350000	544.695730	0.047150	99.438233	543.231606	42.446008
5400000	549.940484	0.049555	99.146590	548.147916	43.356979
5450000	554.945773	0.084336	99.557050	553.061093	44.284703
5500000	559.932687	0.098495	99.076970	557.971049	45.229322
5550000	564.422530	0.054860	99.650655	562.877696	46.190981
5600000	570.598582	0.083578	99.030494	567.780944	47.169821
5650000	574.474214	0.067526	99.302949	572.680703	48.165985
5700000	579.608353	0.091788	98.908720	577.576878	49.179613
5750000	584.776855	0.075315	98.965226	582.469375	50.210847
5800000	589.729862	0.069646	98.795959	587.358098	51.259827
5850000	594.328204	0.096620	99.167661	592.242949	52.326692
5900000	599.513768	0.141229	99.359940	597.123829	53.411581
5950000	604.671246	0.123563	99.396937	602.000636	54.514634
6000000	609.593127	0.065896	99.707068	606.873268	55.635987
6050000	614.589052	0.127195	98.940683	611.741619	56.775778
6100000	619.639051	0.108479	98.836591	616.605584	57.934143
6150000	623.969197	0.095769	98.614577	621.465056	59.111219
6200000	628.644277	0.053094	99.334937	626.319924	60.307139
6250000	634.475375	0.134811	98.964150	631.170077	61.522039
6300000	639.014986	0.088490	98.626913	636.015402	62.756053
6350000	643.975267	0.104189	98.670147	640.855785	64.009312
6400000	648.466437	0.141672	98.916311	645.691110	65.281949
6450000	653.544666	0.098114	98.558922	650.521257	66.574097
6500000	658.747841	0.096022	98.931186	655.346107	67.885884
6550000	663.922542	0.124284	98.850921	660.165539	69.217440
6600000	668.593683	0.053003	99.149497	664.979428	70.568896
6650000	674.103772	0.134130	98.712906	669.787650	71.940378
6700000	678.434280	0.089202	98.281612	674.590078	73.332013
6750000	683.423932	0.097624	98.679829	679.386583	74.743929
6800000	688.792483	0.158517	98.437890	684.177034	76.176250
6850000	693.185226	0.153956	97.740844	688.961298	77.629100
6900000	697.987953	0.118380	98.344633	693.739242	79.102603
6950000	702.742501	0.135955	98.390401	698.510730	80.596881
7000000	708.142563	0.090876	98.123748	703.275623	82.112057
7050000	712.839800	0.077809	98.469046	708.033781	83.648249
7100000	717.748146	0.135707	98.187785	712.785064	85.205577
7150000	722.917046	0.071289	98.313024	717.529327	86.784161
7200000	727.154684	0.124717	97.904654	722.266425	88.384116
7250000	732.456090	0.155398	97.680505	726.996212	90.005559
7300000	737.227677	0.129383	97.878881	731.718537	91.648605
7350000	742.167924	0.153228	97.463235	736.433250	93.313368
7400000	747.126440	0.143240	97.392601	741.140198	94.999960
7450000	751.678595	0.143190	97.604232	745.839227	96.708493
7500000	757.061987	0.113066	97.653712	750.530179	98.439077
7550000	762.406482	0.099988	97.333523	755.212897	100.191820
7600000	766.921428	0.176390	97.122897	759.887219	101.966831
7650000	771.067205	0.138913	97.239810	764.552984	103.764216
7700000	776.308516	0.169317	97.276127	769.210026	105.584080
7750000	781.603345	0.158535	96.403393	773.858181	107.426526
7800000	786.083153	0.105120	97.054492	778.497279	109.291658
7850000	790.884786	0.140702	97.057836	783.127152	111.179575
7900000	795.734989	0.116564	97.083185	787.747626	113.090378
7950000	800.810212	0.163295	96.558903	792.358528	115.024164
8000000	805.080803	0.155110	97.011288	796.959683	116.981030
8050000	810.740255	0.170903	96.503823	801.550911	118.961071
8100000	815.301741	0.158365	96.273550	806.132035	120.964382
8150000	820.418535	0.191213	96.351566	810.702872	122.991053
8200000	825.373024	0.184995	96.844739	815.263239	125.041175
8250000	829.103245	0.115395	96.245342	819.812949	127.114838
8300000	834.352197	0.186339	95.943192	824.351817	129.212127
8350000	839.736926	0.133959	96.010665	828.879652	131.333130
8400000	844.046063	0.170208	96.308470	833.396263	133.477929
8450000	848.324561	0.166033	95.612866	837.901458	135.646607
8500000	853.376714	0.187761	95.500046	842.395040	137.839245
8550000	858.447648	0.159801	95.957623	846.876813	140.055920
8600000	863.201980	0.113117	95.574848	851.346578	142.296710
8650000	867.903731	0.202609	95.519441	855.804134	144.561690
8700000	872.695592	0.184402	95.521401	860.249278	146.850932
8750000	877.422877	0.168859	95.235091	864.681806	149.164509
8800000	882.271534	0.198786	94.665533	869.101510	151.502489
8850000	887.338307	0.204478	94.758547	873.508182	153.864940
8900000	891.758277	0.128414	95.155925	877.901612	156.251927
8950000	896.827894	0.107321	94.587080	882.281588	158.663514
9000000	900.997707	0.182015	94.930277	886.647894	161.099761
9050000	905.647177	0.142305	94.189592	891.000316	163.560728
9100000	911.184685	0.143619	93.730836	895.338634	166.046473
9150000	915.367182	0.182437	93.878414	899.662629	168.557050
9200000	919.944869	0.195017	93.952978	903.972079	171.092513
9250000	924.541892	0.180646	93.886975	908.266761	173.652911
9300000	929.666900	0.125380	93.599261	912.546449	176.238293
9350000	934.650635	0.219531	93.773620	916.810915	178.848706
9400000	938.966853	0.185249	92.874061	921.059931	181.484193
9450000	943.243960	0.195736	93.217472	925.293265	184.144796
9500000	948.225984	0.131066	93.263422	929.510685	186.830554
9550000	952.739899	0.195700	92.731059	933.711955	189.541504
9600000	957.088465	0.233078	93.186818	937.896841	192.277680
9650000	961.924571	0.188436	93.105713	942.065102	195.039114
9700000	966.606808	0.182623	92.975691	946.216500	197.825836
9750000	971.160262	0.217459	91.668913	950.350793	200.637872
9800000	975.695862	0.238493	92.545435	954.467736	203.475247
9850000	980.612256	0.196059	92.052623	958.567085	206.337983
9900000	984.910358	0.232160	92.226153	962.648594	209.226098
9950000	990.038905	0.266604	91.677373	966.712012	212.139610
10000000	994.086849	0.198370	91.159276	970.757090	215.078531
10050000	998.563608	0.253370	91.428934	974.783577	218.042874
10100000	1003.994777	0.240655	91.421735	978.791217	221.032645
10150000	1007.679661	0.256421	91.318869	982.779756	224.047852
10200000	1012.538392	0.243645	90.969910	986.748937	227.088496
10250000	1017.110295	0.234225	90.775262	990.698502	230.154577
10300000	1021.311406	0.221504	90.372317	994.628189	233.246092
10350000	1025.921421	0.257730	90.438102	998.537739	236.363036
10400000	1030.783451	0.238002	89.730565	1002.426886	239.505398
10450000	1035.384126	0.250726	90.320171	1006.295367	242.673168
10500000	1039.543880	0.223475	89.702503	1010.142915	245.866330
10550000	1044.527104	0.235765	89.579729	1013.969263	249.084866
10600000	1048.272410	0.202199	89.516485	1017.774141	252.328754
10650000	1052.772385	0.239493	88.905132	1021.557278	255.597971
10700000	1056.499004	0.251048	88.615614	1025.318403	258.892489
10750000	1061.752721	0.209344	88.640998	1029.057241	262.212277
10800000	1065.864507	0.278472	88.416605	1032.773519	265.557301
10850000	1070.740222	0.292370	88.245536	1036.466959	268.927524
10900000	1075.248325	0.256583	87.965617	1040.137284	272.322905
10950000	1079.194001	0.300116	87.838110	1043.784217	275.743400
11000000	1084.355535	0.232001	87.546767	1047.407475	279.188962
11050000	1089.049297	0.251949	87.507177	1051.006778	282.659540
11100000	1092.436327	0.278817	87.749969	1054.581844	286.155081
11150000	1097.364287	0.238855	86.427061	1058.132389	289.675525
11200000	1101.810758	0.312432	86.469021	1061.658128	293.220813
11250000	1105.849994	0.273510	86.423470	1065.158775	296.790878
11300000	1109.957432	0.289211	86.284925	1068.634043	300.385653
11350000	1114.074863	0.281595	85.808407	1072.083643	304.005066
11400000	1118.488680	0.281386	85.521861	1075.507287	307.649041
11450000	1123.189611	0.331783	85.630830	1078.904685	311.317499
11500000	1127.295353	0.318561	85.125684	1082.275545	315.010356
11550000	1131.634114	0.285708	85.203899	1085.619576	318.727526
11600000	1136.055793	0.250360	84.636684	1088.936484	322.468917
11650000	1140.339254	0.321668	84.099582	1092.225976	326.234436
11700000	1144.308022	0.298015	84.113622	1095.487757	330.023983
11750000	1148.963961	0.293662	83.845117	1098.721532	333.837457
11800000	1152.547500	0.270174	83.858379	1101.927005	337.674752
11850000	1156.818663	0.285624	83.212379	1105.103879	341.535756
11900000	1161.022131	0.295482	83.003442	1108.251857	345.420356
11950000	1164.728323	0.288436	82.601107	1111.370641	349.328434
12000000	1169.497271	0.352443	82.488313	1114.459932	353.259867
12050000	1173.096567	0.302629	82.365286	1117.519430	357.214528
12100000	1176.986275	0.349533	81.706617	1120.548837	361.192288
12150000	1181.642258	0.351444	81.401908	1123.547853	365.193011
12200000	1185.514306	0.291052	81.300826	1126.516176	369.216559
12250000	1189.189153	0.284637	80.669886	1129.453506	373.262788
12300000	1193.405981	0.273489	80.369623	1132.359543	377.331550
12350000	1197.725024	0.289619	80.284170	1135.233983	381.422695
12400000	1200.901207	0.327032	80.472535	1138.076527	385.536066
12450000	1205.475246	0.430675	79.658241	1140.886872	389.671502
12500000	1209.494725	0.332454	79.255516	1143.664716	393.828840
12550000	1213.509792	0.277361	79.021992	1146.409757	398.007909
12600000	1217.608421	0.331586	78.092505	1149.121694	402.208536
12650000	1220.950811	0.282067	78.595242	1151.800224	406.430543
12700000	1224.804044	0.374086	78.319055	1154.445045	410.673748
12750000	1229.352011	0.336505	77.736849	1157.055857	414.937963
12800000	1233.462519	0.374044	77.118111	1159.632357	419.222996
12850000	1237.074341	0.348576	76.886229	1162.174244	423.528653
12900000	1240.735456	0.377406	76.831419	1164.681217	427.854731
12950000	1244.048810	0.365150	76.634515	1167.152975	432.201025
13000000	1248.381753	0.372979	76.022963	1169.589219	436.567325
13050000	1251.800594	0.318141	76.302693	1171.989648	440.953416
13100000	1255.711822	0.357919	75.712841	1174.353964	445.359079
13150000	1259.735508	0.298427	75.084558	1176.681868	449.784090
13200000	1263.301491	0.358013	74.230017	1178.973062	454.228220
13250000	1267.138785	0.341067	73.885069	1181.227248	458.691235
13300000	1270.875315	0.354642	73.319356	1183.444131	463.172896
13350000	1274.384340	0.393892	73.447987	1185.623415	467.672960
13400000	1278.094205	0.380292	72.981386	1187.764804	472.191179
13450000	1281.675791	0.435288	72.367727	1189.868006	476.727300
13500000	1285.315958	0.431782	72.274805	1191.932727	481.281065
13550000	1289.324476	0.362749	72.061496	1193.958676	485.852211
13600000	1292.389999	0.383632	71.242078	1195.945563	490.440471
13650000	1296.640331	0.389421	70.948709	1197.893097	495.045572
13700000	1299.614998	0.412617	70.179547	1199.800993	499.667236
13750000	1303.209766	0.416614	69.884445	1201.668962	504.305182
13800000	1306.630056	0.356643	69.603770	1203.496720	508.959120
13850000	1309.536676	0.387066	69.672886	1205.283982	513.628760
13900000	1313.314645	0.407999	68.414340	1207.030468	518.313803
13950000	1317.090201	0.422961	67.998195	1208.735896	523.013947
14000000	1320.044152	0.414766	67.806623	1210.399989	527.728885
14050000	1324.152249	0.416226	67.610499	1212.022468	532.458303
14100000	1327.020823	0.453490	66.654317	1213.603060	537.201885
14150000	1330.333358	0.442942	66.604683	1215.141490	541.959307
14200000	1333.464142	0.435242	66.055825	1216.637489	546.730242
14250000	1337.424376	0.439804	65.473724	1218.090786	551.514357
14300000	1340.677401	0.421012	64.713922	1219.501116	556.311315
14350000	1344.009661	0.415922	65.089568	1220.868213	561.120772
14400000	1347.034057	0.463334	64.297789	1222.191815	565.942380
14450000	1350.429881	0.447644	63.243231	1223.471663	570.775787
14500000	1353.049795	0.468473	63.527392	1224.707500	575.620633
14550000	1356.624074	0.396026	62.843685	1225.899070	580.476556
14600000	1359.378672	0.473253	61.862536	1227.046121	585.343187
14650000	1362.563331	0.434746	62.040997	1228.148404	590.220153
14700000	1365.507665	0.489983	61.413999	1229.205672	595.107075
14750000	1368.807011	0.438041	60.423184	1230.217683	600.003569
14800000	1371.792993	0.437557	60.276256	1231.184193	604.909247
14850000	1374.787605	0.448770	60.132180	1232.104968	609.823715
14900000	1378.194278	0.407060	59.070697	1232.979770	614.746573
14950000	1380.502813	0.527991	59.156205	1233.808371	619.677419
15000000	1383.618906	0.522643	58.581027	1234.590540	624.615842
15050000	1386.966152	0.491116	57.646759	1235.326054	629.561430
15100000	1389.190576	0.461620	56.865076	1236.014692	634.513761
15150000	1392.350914	0.440778	56.338924	1236.656236	639.472414
15200000	1395.461443	0.511980	56.011744	1237.250471	644.436957
15250000	1397.718417	0.454486	55.655362	1237.797189	649.406958
15300000	1400.526700	0.492537	55.159483	1238.296183	654.381977
15350000	1403.465810	0.506061	54.592043	1238.747249	659.361570
15400000	1405.832618	0.532150	53.989722	1239.150191	664.345288
15450000	1408.717926	0.485824	53.297958	1239.504813	669.332677
15500000	1411.586846	0.447523	52.621501	1239.810925	674.323277
15550000	1413.808391	0.516112	52.329604	1240.068342	679.316627
15600000	1416.942001	0.506693	51.312014	1240.276883	684.312256
15650000	1419.179437	0.527208	50.419353	1240.436370	689.309692
15700000	1421.508146	0.552366	50.259201	1240.546630	694.308455
15750000	1424.567033	0.546674	49.632720	1240.607497	699.308064
15800000	1426.240706	0.502889	48.969069	1240.618806	704.308031
15850000	1428.660376	0.474149	49.022836	1240.580401	709.307863
15900000	1431.126422	0.500244	47.974810	1240.492127	714.307063
15950000	1433.997371	0.511823	47.111871	1240.353837	719.305129
16000000	1436.363488	0.552701	46.356002	1240.165387	724.301556
16050000	1438.057139	0.545440	45.770133	1239.926639	729.295831
16100000	1441.321874	0.528892	45.653309	1239.637461	734.287440
16150000	1443.152947	0.461105	44.829668	1239.297725	739.275863
16200000	1445.333556	0.596525	43.829391	1238.907311	744.260576
16250000	1447.330849	0.553953	43.781984	1238.466101	749.241050
16300000	1449.406698	0.571179	42.874888	1237.973985	754.216751
16350000	1451.967202	0.504607	42.515751	1237.430859	759.187143
16400000	1453.668994	0.563185	41.222422	1236.836623	764.151683
16450000	1455.476441	0.524891	40.938198	1236.191186	769.109827
16500000	1458.028623	0.530240	40.186283	1235.494459	774.061023
16550000	1459.774322	0.515199	39.284229	1234.746363	779.004719
16600000	1462.306365	0.599303	39.049219	1233.946823	783.940356
16650000	1463.962179	0.598169	37.998706	1233.095771	788.867371
16700000	1465.609458	0.550915	37.948107	1232.193145	793.785200
16750000	1467.078598	0.600818	36.749886	1231.238890	798.693271
16800000	1469.352386	0.609595	36.357398	1230.232958	803.591013
16850000	1471.150403	0.579712	35.791291	1229.175307	808.477846
16900000	1473.369848	0.614929	34.813690	1228.065902	813.353191
16950000	1474.774229	0.543539	34.021430	1226.904715	818.216462
17000000	1476.689648	0.627855	33.963971	1225.691724	823.067072
17050000	1478.456490	0.550193	32.483910	1224.426917	827.904429
17100000	1479.898926	0.629836	31.683481	1223.110285	832.727938
17150000	1481.059387	0.600152	31.207752	1221.741830	837.537001
17200000	1483.063592	0.568834	30.427126	1220.321560	842.331017
17250000	1484.390721	0.607016	30.282931	1218.849489	847.109381
17300000	1485.861212	0.648359	29.246008	1217.325640	851.871486
17350000	1487.088236	0.606187	28.762381	1215.750044	856.616720
17400000	1488.904625	0.654167	27.488095	1214.122740	861.344471
17450000	1490.151828	0.584514	27.133192	1212.443772	866.054123
17500000	1491.623816	0.626850	26.049371	1210.713196	870.745056
17550000	1492.905879	0.573453	25.253301	1208.931072	875.416649
17600000	1493.434157	0.605134	24.343618	1207.097471	880.068278
17650000	1494.997350	0.615496	24.130692	1205.212471	884.699317
17700000	1496.424203	0.587582	23.118449	1203.276158	889.309136
17750000	1497.720275	0.640166	22.447113	1201.288627	893.897105
17800000	1498.419275	0.582547	21.393674	1199.249981	898.462591
17850000	1499.621002	0.687985	20.638920	1197.160332	903.004959
17900000	1500.655547	0.645650	19.424684	1195.019799	907.523571
17950000	1500.995344	0.657726	19.453012	1192.828512	912.017789
18000000	1502.752552	0.616637	17.844750	1190.586607	916.486972
18050000	1503.586349	0.632485	18.127187	1188.294233	920.930479
18100000	1503.905920	0.632688	16.573454	1185.951543	925.347665
18150000	1505.371368	0.695829	16.223920	1183.558702	929.737886
18200000	1505.668673	0.666734	15.399825	1181.115883	934.100496
18250000	1507.062575	0.695845	14.585292	1178.623269	938.434847
18300000	1507.048665	0.634966	13.846954	1176.081051	942.740291
18350000	1507.827876	0.648709	12.634615	1173.489430	947.016180
18400000	1509.134773	0.656282	11.169498	1170.848616	951.261863
18450000	1509.307449	0.690072	11.611224	1168.158830	955.476690
18500000	1509.894349	0.649837	10.643736	1165.420299	959.660010
18550000	1510.493594	0.697940	9.038256	1162.633262	963.811172
18600000	1510.533768	0.710000	8.894473	1159.797969	967.929525
18650000	1511.255202	0.691601	8.108262	1156.914676	972.014416
18700000	1511.680339	0.691234	6.901836	1153.983651	976.065194
18750000	1511.657039	0.699562	6.644538	1151.005172	980.081209
18800000	1512.172592	0.650689	4.736759	1147.979525	984.061808
18850000	1512.136951	0.737408	4.526587	1144.907008	988.006342
18900000	1513.029283	0.692419	2.733610	1141.787929	991.914161
18950000	1512.837577	0.699708	2.780392	1138.622603	995.784616
19000000	1513.184920	0.677921	1.438545	1135.411359	999.617058
19050000	1513.156204	0.664435	1.149317	1132.154534	1003.410841
19100000	1512.252982	0.716555	-0.155986	1128.852474	1007.165318
19150000	1513.171380	0.747691	-1.126868	1125.505538	1010.879846
19200000	1512.176189	0.732153	-1.867827	1122.114093	1014.553781
19250000	1512.605655	0.684452	-2.495699	1118.678518	1018.186483
19300000	1512.453402	0.744648	-3.667759	1115.199201	1021.777311
19350000	1511.755393	0.733535	-4.576856	1111.676541	1025.325628
19400000	1512.328821	0.706820	-5.211748	1108.110947	1028.830800
19450000	1511.507279	0.763472	-5.790614	1104.502838	1032.292194
19500000	1511.611996	0.751455	-6.389373	1100.852646	1035.709178
19550000	1511.315736	0.778220	-8.176247	1097.160811	1039.081127
19600000	1510.396540	0.744090	-8.682921	1093.427783	1042.407414
19650000	1510.216695	0.817028	-9.519938	1089.654024	1045.687418
19700000	1509.579083	0.799633	-11.018174	1085.840007	1048.920521
19750000	1509.360280	0.758724	-11.238218	1081.986214	1052.106107
19800000	1508.383757	0.797182	-12.390642	1078.093139	1055.243565
19850000	1507.653613	0.739415	-13.585389	1074.161286	1058.332288
19900000	1507.002685	0.779035	-14.413913	1070.191169	1061.371670
19950000	1506.863403	0.797773	-14.914310	1066.183313	1064.361112
20000000	1505.532110	0.785199	-16.076075	1062.138255	1067.300019
20050000	1504.602274	0.801444	-16.865622	1058.056540	1070.187800
20100000	1504.226793	0.826519	-17.939409	1053.938726	1073.023867
20150000	1503.172311	0.845549	-18.486496	1049.785381	1075.807639
20200000	1502.435129	0.789075	-19.632330	1045.597082	1078.538540
20250000	1501.865940	0.799845	-20.760615	1041.374419	1081.215998
20300000	1500.096677	0.770405	-21.472648	1037.117991	1083.839447
20350000	1499.004323	0.829028	-22.645762	1032.828409	1086.408326
20400000	1498.097937	0.859040	-23.154239	1028.506292	1088.922081
20450000	1496.335913	0.835185	-24.239039	1024.152272	1091.380163
20500000	1495.911995	0.760327	-25.493889	1019.766991	1093.782029
20550000	1493.636576	0.834718	-26.513211	1015.351100	1096.127143
20600000	1492.701234	0.845692	-27.232265	1010.905263	1098.414976
20650000	1491.709712	0.819802	-27.612040	1006.430151	1100.645005
20700000	1490.054682	0.763664	-29.913825	1001.926449	1102.816713
20750000	1488.385597	0.825691	-29.847424	997.394850	1104.929591
20800000	1486.862847	0.825169	-30.398113	992.836058	1106.983139
20850000	1485.657789	0.880529	-32.339809	988.250787	1108.976862
20900000	1483.815614	0.802828	-32.598136	983.639761	1110.910274
20950000	1482.073198	0.842997	-34.088393	979.003715	1112.782897
21000000	1480.768803	0.820012	-34.618886	974.343393	1114.594261
21050000	1479.052933	0.829743	-35.947517	969.659550	1116.343904
21100000	1477.138267	0.859556	-36.478923	964.952950	1118.031372
21150000	1475.598607	0.833890	-37.736219	960.224367	1119.656222
21200000	1472.787877	0.826700	-38.676835	955.474586	1121.218018
21250000	1470.776461	0.846965	-39.540785	950.704399	1122.716333
21300000	1469.327533	0.860803	-39.863967	945.914611	1124.150751
21350000	1467.440571	0.867810	-41.423394	941.106034	1125.520864
21400000	1465.508598	0.909682	-42.261937	936.279490	1126.826275
21450000	1462.973781	0.879601	-43.291079	931.435811	1128.066596
21500000	1460.424078	0.888243	-43.306358	926.575838	1129.241449
21550000	1458.587231	0.875187	-45.098302	921.700420	1130.350468
21600000	1456.475807	0.906911	-46.025659	916.810418	1131.393296
21650000	1453.894967	0.888663	-46.706956	911.906698	1132.369587
21700000	1451.606535	0.910742	-48.199696	906.990137	1133.279007
21750000	1448.709740	0.862533	-49.108944	902.061621	1134.121233
21800000	1446.121369	0.905565	-50.191585	897.122044	1134.895951
21850000	1443.557889	0.944762	-50.653799	892.172309	1135.602862
21900000	1442.168940	0.919368	-51.619002	887.213325	1136.241677
21950000	1438.265375	0.883363	-52.917737	882.246012	1136.812119
22000000	1435.894656	0.900451	-53.205075	877.271296	1137.313923
22050000	1433.022355	0.913225	-54.398266	872.290113	1137.746838
22100000	1430.446571	0.956460	-55.254831	867.303405	1138.110624
22150000	1428.112719	0.932931	-56.126662	862.312122	1138.405054
22200000	1424.620355	0.922613	-57.405499	857.317221	1138.629915
22250000	1421.986630	0.874565	-58.268699	852.319668	1138.785005
22300000	1419.413349	0.961663	-58.929042	847.320433	1138.870137
22350000	1416.139337	0.955167	-60.007077	842.320497	1138.885138
22400000	1413.698882	0.950528	-60.909268	837.320844	1138.829848
22450000	1410.497761	0.925905	-61.373209	832.322466	1138.704120
22500000	1407.422861	0.903698	-62.535534	827.326363	1138.507822
22550000	1404.541563	0.952094	-63.490022	822.333538	1138.240838
22600000	1400.904855	0.910047	-63.699921	817.345002	1137.903063
22650000	1397.778835	0.987711	-64.937441	812.361772	1137.494408
22700000	1394.293809	0.942808	-65.693899	807.384870	1137.014802
22750000	1391.171275	0.971443	-67.019813	802.415324	1136.464183
22800000	1387.386717	0.954842	-68.167765	797.454165	1135.842509
22850000	1384.001512	0.910805	-68.650229	792.502432	1135.149752
22900000	1381.068135	0.976744	-69.661969	787.561168	1134.385899
22950000	1377.688694	0.958697	-70.371063	782.631418	1133.550953
23000000	1373.757950	0.956113	-71.064813	777.714235	1132.644932
23050000	1370.416654	1.022599	-71.625721	772.810673	1131.667871
23100000	1367.121875	0.973395	-72.810867	767.921793	1130.619822
23150000	1362.826127	1.019242	-73.746375	763.048656	1129.500851
23200000	1359.600177	0.955830	-75.128718	758.192329	1128.311042
23250000	1356.049432	1.016246	-75.079283	753.353881	1127.050495
23300000	1352.081362	0.961020	-75.877335	748.534384	1125.719328
23350000	1348.424206	0.977107	-76.689415	743.734914	1124.317673
23400000	1344.263675	0.973671	-77.424316	738.956547	1122.845684
23450000	1340.158698	1.020341	-78.226022	734.200361	1121.303526
23500000	1336.242226	0.976941	-78.884098	729.467439	1119.691386
23550000	1332.595064	1.020473	-79.936934	724.758863	1118.009467
23600000	1327.908346	0.978975	-80.413160	720.075716	1116.257988
23650000	1324.827525	1.004356	-81.550224	715.419083	1114.437188
23700000	1319.858101	0.915138	-81.902259	710.790050	1112.547323
23750000	1315.737215	0.937605	-83.097185	706.189703	1110.588666
23800000	1311.888708	1.069324	-83.760193	701.619126	1108.561509
23850000	1307.795867	1.013516	-84.210762	697.079407	1106.466162
23900000	1303.411332	0.978406	-84.924141	692.571630	1104.302952
23950000	1299.202957	0.971801	-86.117749	688.096879	1102.072226
24000000	1294.846863	0.973613	-86.176637	683.656239	1099.774349
24050000	1290.660498	1.028022	-87.030870	679.250791	1097.409703
24100000	1286.048503	1.025452	-88.128851	674.881615	1094.978690
24150000	1281.978428	1.038728	-87.598164	670.549790	1092.481730
24200000	1276.944271	1.050273	-89.018191	666.256391	1089.919262
24250000	1272.720458	1.013739	-88.944832	662.002491	1087.291743
24300000	1268.355170	1.002016	-90.374797	657.789161	1084.599651
24350000	1264.048303	1.077257	-90.637947	653.617467	1081.843479
24400000	1259.464056	0.991654	-91.005341	649.488472	1079.023743
24450000	1255.150063	1.042356	-91.598953	645.403235	1076.140975
24500000	1250.093494	1.043998	-92.778770	641.362812	1073.195728
24550000	1245.576132	1.035786	-93.294311	637.368251	1070.188571
24600000	1240.423976	1.023223	-93.447759	633.420598	1067.120096
24650000	1236.788121	1.052195	-93.384492	629.520892	1063.990912
24700000	1231.230736	1.104992	-94.887853	625.670168	1060.801646
24750000	1226.976241	0.991780	-95.326307	621.869452	1057.552946
24800000	1222.236367	1.059511	-95.455482	618.119765	1054.245477
24850000	1217.114153	1.014561	-95.770105	614.422123	1050.879926
24900000	1212.606807	1.038135	-96.502994	610.777532	1047.456996
24950000	1207.447482	1.069506	-96.072044	607.186992	1043.977412
25000000	1203.326251	1.037103	-96.675666	603.651495	1040.441914
25050000	1197.417117	1.014912	-97.217681	600.172023	1036.851265
25100000	1193.340424	1.032647	-97.314618	596.749552	1033.206245
25150000	1188.725869	1.035639	-97.876291	593.385047	1029.507652
25200000	1183.784181	1.081661	-98.370198	590.079465	1025.756305
25250000	1178.374354	1.034981	-98.587820	586.833752	1021.953040
25300000	1173.759784	1.056443	-98.497653	583.648845	1018.098713
25350000	1168.557840	1.114203	-98.874201	580.525669	1014.194197
25400000	1164.168982	1.015623	-99.182751	577.465139	1010.240385
25450000	1158.871922	1.070870	-99.100125	574.468160	1006.238188
25500000	1153.808486	1.009091	-100.145071	571.535623	1002.188535
25550000	1148.289969	1.038518	-99.147325	568.668408	998.092373
25600000	1143.944170	1.040349	-99.578557	565.867382	993.950668
25650000	1138.812026	1.025713	-99.825248	563.133401	989.764404
25700000	1133.328591	1.031205	-99.830433	560.467306	985.534582
25750000	1128.646040	1.163532	-100.500616	557.869925	981.262221
25800000	1123.388730	1.041869	-99.675740	555.342073	976.948358
25850000	1119.002443	1.066732	-99.678019	552.884548	972.594048
25900000	1114.147012	1.032225	-100.188359	550.498137	968.200360
25950000	1108.657235	1.064694	-100.136852	548.183608	963.768385
26000000	1103.432238	1.059659	-99.851180	545.941717	959.299228
26050000	1099.059314	1.068144	-99.165867	543.773202	954.794010
26100000	1093.735777	1.079629	-99.932106	541.678785	950.253872
26150000	1089.008537	1.027369	-99.522608	539.659174	945.679967
26200000	1083.632801	1.045548	-99.702790	537.715055	941.073467
26250000	1078.659020	1.060698	-98.621021	535.847101	936.435560
26300000	1074.313371	1.103383	-98.501805	534.055966	931.767448
26350000	1069.256011	1.047120	-98.518061	532.342286	927.070351
26400000	1063.892352	1.047706	-97.883580	530.706677	922.345500
26450000	1059.051723	1.062873	-97.475757	529.149738	917.594146
26500000	1054.210908	1.009056	-97.427302	527.672048	912.817552
26550000	1049.724707	0.985880	-96.965954	526.274168	908.016994
26600000	1044.738432	1.054426	-95.519407	524.956636	903.193766
26650000	1039.510971	1.072847	-95.710644	523.719973	898.349173
26700000	1034.950958	1.068242	-95.250080	522.564677	893.484535
26750000	1031.116621	1.084683	-95.240505	521.491226	888.601185
26800000	1025.210399	1.030049	-93.890455	520.500077	883.700467
26850000	1021.300565	1.054527	-93.641385	519.591664	878.783741
26900000	1016.142060	1.034342	-92.874019	518.766402	873.852377
26950000	1011.756874	1.071352	-92.189129	518.024679	868.907759
27000000	1006.985170	1.017977	-90.689936	517.366866	863.951280
27050000	1002.265571	1.028940	-90.791547	516.793305	858.984347
27100000	997.859884	1.035739	-89.048267	516.304319	854.008376
27150000	993.196615	1.045347	-88.652678	515.900207	849.024794
27200000	989.839848	0.993301	-88.417442	515.581242	844.035039
27250000	984.529944	1.030786	-87.248362	515.347674	839.040559
27300000	980.183159	1.016952	-86.495951	515.199728	834.042809
27350000	975.466584	0.998945	-84.654101	515.137606	829.043257
27400000	972.120826	1.065836	-84.099632	515.161481	824.043376
27450000	967.726076	0.985365	-83.201775	515.271505	819.044648
27500000	963.342585	0.969556	-81.796825	515.467802	814.048565
27550000	959.580146	1.041835	-80.751079	515.750470	809.056624
27600000	955.466132	0.970324	-79.683356	516.119580	804.070330
27650000	951.292054	0.982835	-77.722052	516.575179	799.091194
27700000	947.402357	0.991806	-76.769153	517.117286	794.120732
27750000	943.640261	0.983568	-75.129047	517.745892	789.160468
27800000	940.437019	0.961753	-74.003218	518.460963	784.211929
27850000	936.317251	0.946277	-72.129997	519.262434	779.276647
27900000	933.337767	0.974395	-71.423815	520.150217	774.356159
27950000	929.023427	0.980119	-69.714586	521.124192	769.452005
28000000	925.921184	0.984672	-68.007156	522.184214	764.565727
28050000	922.236091	0.990882	-66.429921	523.330108	759.698872
28100000	919.133880	0.936034	-64.799956	524.561670	754.852986
28150000	916.573123	0.899246	-63.322775	525.878670	750.029620
28200000	912.588689	0.936734	-60.926759	527.280846	745.230324
28250000	909.960158	0.903210	-60.173767	528.767909	740.456647
28300000	906.819794	0.982223	-58.182327	530.339541	735.710142
28350000	903.597233	0.971228	-56.512989	531.995393	730.992357
28400000	901.631724	0.997978	-53.818851	533.735089	726.304842
28450000	898.155340	0.947852	-52.414257	535.558222	721.649145
28500000	896.581126	0.912838	-50.620182	537.464355	717.026809
28550000	893.589073	0.919929	-48.133069	539.453023	712.439377
28600000	891.471152	0.910486	-45.797686	541.523729	707.888388
28650000	888.991153	0.874698	-44.193350	543.675948	703.375376
28700000	887.025484	0.850718	-42.426963	545.909125	698.901871
28750000	884.933898	0.844180	-39.779292	548.222673	694.469398
28800000	882.601975	0.973742	-38.071288	550.615977	690.079476
28850000	880.955995	0.939278	-35.923938	553.088391	685.733618
28900000	879.403241	0.857657	-33.659591	555.639239	681.433329
28950000	877.508134	0.939816	-31.115969	558.267816	677.180107
29000000	876.285084	0.825477	-28.846166	560.973385	672.975443
29050000	875.191949	0.846644	-26.253291	563.755180	668.820816
29100000	873.932272	0.808621	-24.845124	566.612404	664.717698
29150000	872.436444	0.873352	-22.303294	569.544232	660.667552
29200000	871.246178	0.853775	-19.490902	572.549807	656.671827
29250000	870.413070	0.837455	-17.334004	575.628243	652.731963
29300000	869.563241	0.869117	-15.188364	578.778624	648.849387
29350000	868.541457	0.926183	-12.664053	582.000004	645.025515
29400000	867.945776	0.841173	-10.397254	585.291408	641.261747
29450000	867.974114	0.853132	-8.118896	588.651831	637.559471
29500000	867.118087	0.799007	-5.849628	592.080239	633.920061
29550000	867.391315	0.815262	-2.850481	595.575567	630.344875
29600000	866.999903	0.783756	-0.707624	599.136724	626.835254
29650000	867.694648	0.842330	2.249823	602.762588	623.392524
29700000	867.420895	0.800017	4.429987	606.452009	620.017995
29750000	867.895614	0.807699	6.874069	610.203808	616.712957
29800000	867.842287	0.757990	9.052596	614.016778	613.478682
29850000	868.277335	0.807719	11.223657	617.889684	610.316425
29900000	869.444576	0.822773	14.295412	621.821262	607.227420
29950000	870.146133	0.680770	16.234490	625.810223	604.212879
30000000	871.152110	0.748762	18.722671	629.855248	601.273997
30050000	871.207317	0.780716	21.262669	633.954993	598.411943
30100000	872.707533	0.754539	24.231226	638.108085	595.627867
30150000	874.583845	0.768626	25.948337	642.313128	592.922896
30200000	875.333964	0.687136	28.246092	646.568696	590.298132
30250000	876.517639	0.727837	30.498586	650.873341	587.754653
30300000	878.954062	0.772859	32.801322	655.225586	585.293514
30350000	880.036458	0.762167	35.732850	659.623932	582.915744
30400000	881.884954	0.733208	37.290550	664.066855	580.622345
30450000	884.169028	0.714787	40.105716	668.552805	578.414293
30500000	886.470210	0.642111	42.092325	673.080209	576.292539
30550000	888.246482	0.684243	44.746837	677.647472	574.258002
30600000	890.397396	0.691448	47.017051	682.252975	572.311576
30650000	892.869729	0.695998	48.807599	686.895077	570.454125
30700000	895.095689	0.685721	50.742923	691.572113	568.686485
30750000	898.492341	0.732805	53.071041	696.282400	567.009458
30800000	900.076715	0.693806	54.410015	701.024233	565.423821
30850000	903.959269	0.721472	56.842300	705.795884	563.930314
30900000	906.108916	0.671557	58.646938	710.595608	562.529649
30950000	909.341522	0.614382	61.155544	715.421640	561.222506
31000000	912.484749	0.668033	62.983507	720.272197	560.009529
31050000	915.675613	0.608063	64.407712	725.145475	558.891331
31100000	918.691492	0.621930	65.933786	730.039655	557.868491
31150000	921.820684	0.660860	67.709149	734.952902	556.941553
31200000	925.274686	0.659785	69.105699	739.883361	556.111027
31250000	928.400239	0.619575	71.825809	744.829164	555.377387
31300000	933.119800	0.548395	72.501018	749.788427	554.741070
31350000	936.142959	0.631735	74.346834	754.759253	554.202479
31400000	940.409712	0.623611	75.897259	759.739730	553.761978
31450000	944.770996	0.605477	77.622319	764.727933	553.419896
31500000	948.026913	0.669331	78.313996	769.721924	553.176523
31550000	951.587880	0.584160	80.009294	774.719757	553.032110
31600000	955.767895	0.626544	81.478751	779.719470	552.986873
31650000	960.125776	0.628324	82.516875	784.719095	553.040985
31700000	964.553145	0.642786	84.725414	789.716652	553.194582
31750000	968.258634	0.647610	85.864115	794.710155	553.447760
31800000	973.295856	0.614313	85.827822	799.697608	553.800576
31850000	977.647488	0.593742	87.805652	804.677010	554.253045
31900000	980.794358	0.599669	88.734452	809.646351	554.805142
31950000	986.033432	0.593783	89.506283	814.603618	555.456801
32000000	990.219235	0.556810	90.921007	819.546794	556.207917
32050000	995.429031	0.533183	91.826458	824.473855	557.058339
32100000	999.876357	0.610606	92.596089	829.382779	558.007879
32150000	1004.693072	0.561444	93.661821	834.271537	559.056304
32200000	1008.585313	0.575972	93.737769	839.138102	560.203340
32250000	1013.194398	0.548582	95.367090	843.980446	561.448669
32300000	1017.906005	0.551587	95.611517	848.796542	562.791934
32350000	1023.757446	0.508066	96.384489	853.584364	564.232732
32400000	1028.360818	0.545592	96.628731	858.341889	565.770618
32450000	1033.097749	0.558328	97.732391	863.067097	567.405104
32500000	1037.898903	0.540305	97.803061	867.757972	569.135659
32550000	1042.541337	0.562003	97.497653	872.412504	570.961709
32600000	1047.284553	0.599788	98.599107	877.028689	572.882637
32650000	1052.698801	0.549339	98.445191	881.604530	574.897780
32700000	1057.548537	0.548605	99.045819	886.138038	577.006436
32750000	1061.950405	0.566778	99.102657	890.627232	579.207856
32800000	1067.307478	0.573507	99.549698	895.070144	581.501250
32850000	1072.603477	0.583989	99.382797	899.464813	583.885782
32900000	1077.381239	0.646221	99.503436	903.809294	586.360574
32950000	1082.709093	0.617917	99.952177	908.101651	588.924707
33000000	1087.897595	0.543089	100.230179	912.339965	591.577216
33050000	1092.185945	0.553456	99.435092	916.522330	594.317092
33100000	1097.607015	0.562187	100.093628	920.646856	597.143288
33150000	1102.299412	0.540583	99.622085	924.711672	600.054708
33200000	1107.013940	0.517353	99.609101	928.714921	603.050219
33250000	1112.244810	0.589876	99.461519	932.654769	606.128643
33300000	1117.202593	0.597715	99.561365	936.529399	609.288759
33350000	1121.888461	0.590311	99.140678	940.337015	612.529305
33400000	1127.475204	0.560736	98.905896	944.075844	615.848980
33450000	1132.112417	0.605088	98.456019	947.744136	619.246438
33500000	1136.657667	0.540370	98.144728	951.340162	622.720293
33550000	1141.951419	0.639049	97.173745	954.862221	626.269120
33600000	1146.621873	0.566079	97.180491	958.308637	629.891452
33650000	1151.651890	0.533997	96.744915	961.677759	633.585784
33700000	1156.406933	0.609221	96.595312	964.967965	637.350569
33750000	1161.513585	0.568717	95.576678	968.177663	641.184223
33800000	1165.863195	0.598570	94.840870	971.305289	645.085123
33850000	1171.021452	0.593625	94.451118	974.349308	649.051607
33900000	1174.979202	0.599693	93.613700	977.308221	653.081978
33950000	1179.876585	0.548367	93.136765	980.180558	657.174500
34000000	1184.936312	0.532117	92.259368	982.964883	661.327401
34050000	1189.480718	0.645008	91.595691	985.659796	665.538872
34100000	1193.979360	0.597745	90.506626	988.263930	669.807072
34150000	1198.570307	0.612705	89.905034	990.775956	674.130122
34200000	1202.730469	0.597668	88.515994	993.194583	678.506112
34250000	1207.283373	0.591334	87.927747	995.518555	682.933096
34300000	1211.608694	0.607352	86.876608	997.746658	687.409097
34350000	1215.539964	0.662889	85.873800	999.877716	691.932108
34400000	1220.388764	0.613882	85.105410	1001.910594	696.500087
34450000	1224.009176	0.577934	83.853677	1003.844199	701.110964
34500000	1228.747734	0.615290	83.009200	1005.677482	705.762641
34550000	1232.115613	0.596552	81.875802	1007.409433	710.452989
34600000	1237.170193	0.592045	80.996070	1009.039090	715.179852
34650000	1240.726503	0.554371	79.702074	1010.565533	719.941048
34700000	1244.398487	0.606618	77.981351	1011.987891	724.734367
34750000	1248.951263	0.629903	76.930686	1013.305336	729.557576
34800000	1252.720087	0.604075	75.881964	1014.517089	734.408417
34850000	1256.532515	0.666735	74.741022	1015.622418	739.284609
34900000	1260.315318	0.631399	72.813163	1016.620640	744.183849
34950000	1263.741497	0.635739	71.459444	1017.511121	749.103812
35000000	1267.312307	0.653989	70.097255	1018.293278	754.042154
35050000	1270.733769	0.636363	69.378861	1018.966577	758.996512
35100000	1273.875203	0.578370	68.275976	1019.530535	763.964503
35150000	1277.496331	0.622010	66.396372	1019.984723	768.943730
35200000	1280.621552	0.685434	64.670110	1020.328762	773.931777
35250000	1284.211066	0.643018	63.965977	1020.562328	778.926217
35300000	1286.546559	0.659527	61.703411	1020.685150	783.924605
35350000	1289.889049	0.705570	60.380232	1020.697009	788.924488
35400000	1293.095886	0.638653	58.604844	1020.597743	793.923400
35450000	1295.684866	0.654174	57.455515	1020.387245	798.918863
35500000	1298.750520	0.686608	55.244999	1020.065461	803.908394
35550000	1301.412393	0.694777	53.910723	1019.632395	808.889500
35600000	1303.640750	0.695302	52.605897	1019.088106	813.859682
35650000	1306.772997	0.672764	51.192684	1018.432712	818.816436
35700000	1309.560799	0.654292	49.299517	1017.666384	823.757255
35750000	1311.676054	0.677590	47.201992	1016.789354	828.679630
35800000	1314.060245	0.717312	45.346529	1015.801910	833.581048
35850000	1316.050865	0.690561	43.655678	1014.704396	838.458999
35900000	1318.494741	0.707594	42.523165	1013.497217	843.310973
35950000	1320.124248	0.719953	40.518706	1012.180835	848.134465
36000000	1322.467098	0.760193	39.020563	1010.755769	852.926972
36050000	1324.438527	0.722115	36.845895	1009.222598	857.685997
36100000	1326.196233	0.708190	35.323115	1007.581960	862.409051
36150000	1328.132882	0.704600	33.752913	1005.834549	867.093651
36200000	1329.696614	0.659666	32.275112	1003.981121	871.737327
36250000	1330.930676	0.728375	30.654535	1002.022488	876.337618
36300000	1333.132280	0.699245	27.897060	999.959522	880.892076
36350000	1333.890414	0.705461	25.904750	997.793154	885.398267
36400000	1335.113834	0.756000	25.218430	995.524370	889.853773
36450000	1336.518874	0.778182	23.053423	993.154219	894.256192
36500000	1336.904402	0.796902	20.726512	990.683805	898.603140
36550000	1338.870815	0.738270	18.908292	988.114291	902.892254
36600000	1339.230897	0.742829	17.127912	985.446898	907.121191
36650000	1340.557654	0.726217	14.846211	982.682902	911.287631
36700000	1340.962313	0.750995	12.556181	979.823639	915.389278
36750000	1341.505289	0.763185	11.131778	976.870500	919.423861
36800000	1341.721131	0.754397	8.924043	973.824933	923.389137
36850000	1342.025734	0.746001	7.605181	970.688442	927.282889
36900000	1342.926675	0.726768	5.822022	967.462586	931.102932
36950000	1343.097395	0.783559	3.969211	964.148978	934.847112
37000000	1343.059210	0.755463	0.921339	960.749288	938.513306
37050000	1343.256421	0.809762	-0.593438	957.265237	942.099427
37100000	1343.090442	0.823834	-2.860804	953.698601	945.603421
37150000	1342.475403	0.759441	-4.226705	950.051207	949.023272
37200000	1342.650777	0.763663	-6.069659	946.324936	952.357004
37250000	1342.304062	0.789751	-7.861775	942.521718	955.602676
37300000	1341.875283	0.812091	-10.433149	938.643535	958.758393
37350000	1341.215351	0.784016	-12.010361	934.692417	961.822300
37400000	1340.710810	0.820963	-14.320170	930.670445	964.792584
37450000	1340.843172	0.784032	-16.279629	926.579745	967.667480
37500000	1338.846722	0.758359	-18.642992	922.422493	970.445267
37550000	1337.796479	0.831550	-19.926694	918.200910	973.124272
37600000	1337.063373	0.835079	-22.014929	913.917260	975.702873
37650000	1335.649692	0.810969	-23.626383	909.573853	978.179494
37700000	1334.414294	0.797779	-26.096734	905.173043	980.552615
37750000	1332.953708	0.797233	-27.797419	900.717224	982.820764
37800000	1331.824576	0.858191	-30.249907	896.208831	984.982527
37850000	1329.257883	0.841061	-31.553975	891.650340	987.036543
37900000	1328.265461	0.798345	-33.879194	887.044263	988.981505
37950000	1326.578077	0.796274	-35.326671	882.393153	990.816168
38000000	1325.063092	0.833620	-37.339975	877.699595	992.539342
38050000	1322.783264	0.853686	-39.531910	872.966211	994.149897
38100000	1321.413884	0.822183	-40.829956	868.195656	995.646764
38150000	1318.588673	0.866551	-42.563233	863.390617	997.028935
38200000	1316.919150	0.841051	-45.001136	858.553810	998.295466
38250000	1314.670516	0.852004	-46.944974	853.687983	999.445474
38300000	1312.023373	0.881528	-48.698434	848.795909	1000.478144
38350000	1309.091333	0.865054	-50.551537	843.880389	1001.392723
38400000	1307.044449	0.886153	-52.923219	838.944248	1002.188526
38450000	1304.813664	0.908796	-53.945637	833.990335	1002.864934
38500000	1301.664183	0.913062	-55.734023	829.021519	1003.421398
38550000	1298.671952	0.948016	-57.522157	824.040691	1003.857436
38600000	1295.867890	0.834706	-58.731062	819.050759	1004.172635
38650000	1292.542953	0.928009	-61.118494	814.054648	1004.366653
38700000	1289.575105	0.878855	-62.295549	809.055297	1004.439220
38750000	1286.680323	0.840527	-64.579456	804.055662	1004.390134
38800000	1283.557942	0.869545	-65.832861	799.058706	1004.219269
38850000	1280.121955	0.888128	-67.661452	794.067405	1003.926569
38900000	1276.485153	0.926989	-68.879951	789.084742	1003.512051
38950000	1273.133376	0.878549	-70.116112	784.113707	1002.975807
39000000	1269.156077	0.928152	-72.157692	779.157292	1002.318002
39050000	1265.650310	0.889584	-73.708919	774.218496	1001.538874
39100000	1261.857280	0.930315	-74.970221	769.300316	1000.638739
39150000	1258.358493	0.912330	-76.676212	764.405747	999.617985
39200000	1254.943436	0.933563	-78.177775	759.537785	998.477075
39250000	1250.654397	0.933360	-79.498644	754.699417	997.216549
39300000	1246.530384	0.957290	-80.456454	749.893625	995.837021
39350000	1242.408643	0.907412	-82.037753	745.123383	994.339183
39400000	1237.724730	0.982220	-82.954746	740.391654	992.723799
39450000	1234.529046	0.965905	-84.348002	735.701389	990.991710
39500000	1230.906727	0.925215	-85.423067	731.055523	989.143835
39550000	1225.812659	0.928988	-86.440889	726.456975	987.181164
39600000	1221.286829	0.939956	-88.284193	721.908648	985.104766
39650000	1216.468548	0.930465	-88.725361	717.413421	982.915783
39700000	1212.525883	0.912176	-90.199817	712.974154	980.615433
39750000	1207.975626	0.892165	-91.391114	708.593681	978.205007
39800000	1203.886687	0.974709	-91.959160	704.274810	975.685871
39850000	1199.019921	0.954672	-92.631650	700.020320	973.059465
39900000	1193.879633	0.870575	-93.660867	695.832961	970.327302
39950000	1189.581245	0.961286	-94.580538	691.715450	967.490967
40000000	1185.060573	0.944324	-95.324500	687.670472	964.552118
40050000	1179.711137	0.987568	-95.912733	683.700672	961.512484
40100000	1175.260296	0.988551	-96.247046	679.808661	958.373866
40150000	1170.483776	0.943724	-97.384995	675.997007	955.138133
40200000	1165.647671	0.955566	-97.804087	672.268237	951.807225
40250000	1160.272221	0.952797	-98.341398	668.624836	948.383149
40300000	1155.933144	0.892915	-98.519911	665.069240	944.867982
40350000	1150.453606	0.927119	-98.997735	661.603839	941.263865
40400000	1146.124607	0.922191	-99.243609	658.230974	937.573006
40450000	1140.526225	0.932748	-99.096096	654.952935	933.797677
40500000	1135.529358	0.938504	-99.781787	651.771956	929.940213
40550000	1130.399770	0.982974	-100.046360	648.690219	926.003013
40600000	1125.174837	0.947554	-99.821969	645.709848	921.988535
40650000	1120.606648	0.972939	-99.473715	642.832909	917.899298
40700000	1115.676793	0.880491	-100.162144	640.061405	913.737879
40750000	1111.093163	1.014671	-99.599722	637.397281	909.506912
40800000	1105.786813	0.975192	-99.727420	634.842416	905.209088
40850000	1100.576886	1.009402	-99.546186	632.398623	900.847150
40900000	1095.461099	0.956950	-98.592085	630.067650	896.423895
40950000	1090.616787	0.951795	-98.999522	627.851174	891.942170
41000000	1086.078439	0.964044	-97.791765	625.750803	887.404874
41050000	1080.541958	0.946803	-97.610713	623.768074	882.814950
41100000	1076.322304	0.966521	-96.725260	621.904450	878.175390
41150000	1071.442744	0.960906	-95.878541	620.161320	873.489229
41200000	1066.225811	0.944646	-95.629848	618.539995	868.759545
41250000	1062.287747	0.990644	-94.486135	617.041710	863.989457
41300000	1056.702337	0.946796	-93.336282	615.667622	859.182121
41350000	1052.523503	0.954329	-93.051838	614.418808	854.340731
41400000	1047.965445	0.922896	-91.819231	613.296261	849.468516
41450000	1043.102679	1.003397	-90.197388	612.300895	844.568737
41500000	1038.884100	0.987318	-89.696331	611.433538	839.644686
41550000	1034.270989	0.962347	-88.190892	610.694935	834.699684
41600000	1029.276121	0.960581	-86.744549	610.085744	829.737078
41650000	1025.918301	0.890396	-85.090331	609.606538	824.760238
41700000	1021.261666	0.978195	-83.009216	609.257800	819.772558
41750000	1017.407381	0.917760	-82.052234	609.039927	814.777450
41800000	1013.535247	0.937060	-80.075265	608.953226	809.778346
41850000	1008.903808	0.922255	-78.820151	608.997913	804.778690
41900000	1005.130351	0.852623	-76.867410	609.174115	799.781940
41950000	1001.574706	0.916150	-74.396632	609.481866	794.791565
42000000	998.214570	0.929316	-72.750972	609.921109	789.811041
42050000	994.877386	0.879390	-70.895289	610.491695	784.843851
42100000	990.631315	0.880553	-68.476285	611.193382	779.893480
42150000	987.197133	0.934818	-65.839920	612.025833	774.963412
42200000	984.114575	0.883473	-64.043670	612.988620	770.057133
42250000	981.313459	0.871721	-61.337773	614.081220	765.178121
42300000	978.332759	0.900394	-58.992485	615.303017	760.329849
42350000	975.290482	0.862267	-56.799454	616.653299	755.515780
42400000	972.312467	0.947014	-53.717150	618.131262	750.739364
42450000	969.735305	0.880620	-51.613208	619.736007	746.004038
42500000	967.309541	0.870919	-48.367346	621.466541	741.313221
42550000	964.411968	0.909232	-46.352329	623.321777	736.670312
42600000	962.435390	0.880792	-42.526462	625.300536	732.078686
42650000	960.688241	0.836548	-40.080270	627.401543	727.541697
42700000	959.029266	0.836452	-36.804008	629.623433	723.062667
42750000	957.180009	0.877836	-34.593167	631.964746	718.644891
42800000	955.140834	0.844050	-31.353418	634.423934	714.291629
42850000	953.364938	0.826868	-28.118314	636.999353	710.006106
42900000	952.313457	0.874678	-24.962058	639.689272	705.791510
42950000	951.088129	0.835881	-22.235140	642.491869	701.650986
43000000	950.103374	0.856880	-19.106060	645.405233	697.587639
43050000	949.981852	0.808138	-14.902016	648.427365	693.604526
43100000	948.278423	0.777648	-12.848189	651.556178	689.704654
43150000	948.389668	0.817633	-9.101924	654.789502	685.890984
43200000	947.612716	0.815641	-5.772950	658.125080	682.166418
43250000	947.703625	0.812522	-2.936219	661.560570	678.533806
43300000	947.318714	0.805904	0.449864	665.093551	674.995939
43350000	947.897907	0.791013	3.750572	668.721518	671.555545
43400000	947.971781	0.767621	7.176371	672.441888	668.215291
43450000	948.086813	0.790951	10.224657	676.251999	664.977777
43500000	948.990487	0.720943	13.601267	680.149114	661.845535
43550000	949.607129	0.739160	16.354867	684.130421	658.821028
43600000	951.153052	0.742927	19.714488	688.193032	655.906646
43650000	952.162548	0.740891	23.032280	692.333992	653.104702
43700000	952.838106	0.771090	26.317409	696.550272	650.417435
43750000	954.625601	0.767759	29.329156	700.838780	647.847002
43800000	955.927254	0.776848	32.417913	705.196356	645.395481
43850000	957.475551	0.735509	35.684782	709.619776	643.064864
43900000	959.697504	0.704243	38.144829	714.105756	640.857061
43950000	961.046472	0.729744	41.692466	718.650953	638.773890
44000000	963.247962	0.721989	44.097353	723.251965	636.817084
44050000	965.258879	0.739060	46.790403	727.905339	634.988282
44100000	968.109387	0.711731	50.776738	732.607567	633.289032
44150000	970.743317	0.700030	52.596024	737.355093	631.720786
44200000	972.929617	0.744957	55.635394	742.144312	630.284899
44250000	976.359082	0.682461	57.492973	746.971577	628.982629
44300000	979.520813	0.712965	61.133651	751.833196	627.815134
44350000	983.001844	0.658213	63.449633	756.725441	626.783472
44400000	985.916604	0.714240	66.050502	761.644544	625.888597
44450000	988.667616	0.702077	67.593159	766.586706	625.131360
44500000	992.451340	0.690717	70.617903	771.548096	624.512507
44550000	995.844564	0.688515	72.184066	776.524855	624.032677
44600000	999.311212	0.668955	74.107870	781.513099	623.692403
44650000	1003.733377	0.672698	77.137418	786.508922	623.492108
44700000	1007.800321	0.605690	78.641382	791.508397	623.432107
44750000	1011.141285	0.678298	80.431840	796.507585	623.512604
44800000	1015.175906	0.638641	82.845559	801.502529	623.733693
44850000	1019.598417	0.698553	84.696199	806.489266	624.095355
44900000	1024.702401	0.645940	85.159022	811.463825	624.597459
44950000	1027.702944	0.657471	87.403158	816.422230	625.239763
45000000	1032.103515	0.690845	88.887954	821.360507	626.021909
45050000	1037.424267	0.614233	89.750739	826.274684	626.943428
45100000	1041.419718	0.660515	91.351945	831.160795	628.003735
45150000	1045.887044	0.665963	92.575689	836.014882	629.202132
45200000	1050.442793	0.608684	93.012632	840.833003	630.537808
45250000	1055.786779	0.620989	94.582372	845.611230	632.009837
45300000	1060.390490	0.634797	95.645572	850.345653	633.617178
45350000	1064.700300	0.639130	96.688732	855.032388	635.358679
45400000	1069.646620	0.570430	97.179558	859.667574	637.233073
45450000	1074.901908	0.623062	97.912894	864.247382	639.238979
45500000	1080.717373	0.630397	98.228761	868.768014	641.374907
45550000	1084.779672	0.636123	99.369251	873.225708	643.639252
45600000	1089.579472	0.596527	98.746736	877.616742	646.030300
45650000	1094.830838	0.689856	99.100474	881.937437	648.546226
45700000	1100.293854	0.638134	99.850534	886.184158	651.185096
45750000	1104.572487	0.614826	100.067908	890.353324	653.944868
45800000	1109.756622	0.648489	100.173922	894.441401	656.823392
45850000	1114.865492	0.602397	100.773648	898.444914	659.818413
45900000	1119.537777	0.654290	99.592211	902.360447	662.927572
45950000	1124.651540	0.661038	99.637596	906.184645	666.148405
46000000	1130.054143	0.643973	99.777246	909.914221	669.478349
46050000	1134.639353	0.672753	99.199662	913.545955	672.914738
46100000	1139.518901	0.649091	98.443691	917.076697	676.454810
46150000	1144.208126	0.640697	97.753900	920.503375	680.095706
46200000	1149.470482	0.641987	97.638694	923.822994	683.834472
46250000	1154.216131	0.587236	96.684270	927.032639	687.668063
46300000	1159.022495	0.696214	96.501156	930.129480	691.593342
46350000	1163.541905	0.639084	95.399155	933.110772	695.607085
46400000	1168.391519	0.659858	94.788662	935.973862	699.705981
46450000	1173.497274	0.601853	93.545496	938.716186	703.886636
46500000	1178.402438	0.674793	93.166328	941.335279	708.145577
46550000	1183.173305	0.631648	91.265851	943.828772	712.479249
46600000	1187.074038	0.635601	90.695150	946.194394	716.884024
46650000	1191.563752	0.628559	88.819951	948.429979	721.356201
46700000	1195.893558	0.625438	88.130655	950.533468	725.892008
46750000	1200.522666	0.666854	86.475353	952.502906	730.487605
46800000	1204.144890	0.642149	84.381701	954.336451	735.139090
46850000	1207.937498	0.635553	84.021613	956.032370	739.842499
46900000	1213.294128	0.659500	82.410657	957.589046	744.593809
46950000	1216.951473	0.686756	80.534806	959.004979	749.388944
47000000	1220.532732	0.667787	79.196500	960.278787	754.223776
47050000	1224.723113	0.669085	77.334201	961.409206	759.094129
47100000	1228.605949	0.660190	75.460324	962.395095	763.995781
47150000	1232.152011	0.654894	73.372984	963.235438	768.924472
47200000	1236.351219	0.696948	71.696039	963.929343	773.875903
47250000	1239.744163	0.685080	70.512832	964.476042	778.845740
47300000	1242.820858	0.643047	67.615828	964.874900	783.829621
47350000	1246.702889	0.688328	65.732366	965.125406	788.823157
47400000	1250.137958	0.634001	63.703794	965.227183	793.821937
47450000	1253.250433	0.688845	61.717406	965.179983	798.821529
47500000	1256.123869	0.673906	59.657219	964.983691	803.817488
47550000	1258.560369	0.686823	57.439703	964.638326	808.805360
47600000	1261.445190	0.723023	55.601064	964.144038	813.780681
47650000	1264.331711	0.720419	53.046700	963.501114	818.738985
47700000	1267.134006	0.686979	50.438245	962.709974	823.675809
47750000	1268.973176	0.734449	48.921322	961.771174	828.586692
47800000	1271.673673	0.685861	46.085531	960.685404	833.467187
47850000	1274.470690	0.696819	43.482340	959.453492	838.312856
47900000	1276.575920	0.680778	41.181857	958.076397	843.119281
47950000	1277.762137	0.671170	39.313982	956.555217	847.882066
48000000	1280.134771	0.759590	37.005142	954.891182	852.596840
48050000	1281.904496	0.706708	34.183229	953.085659	857.259263
48100000	1283.820754	0.738124	31.914945	951.140145	861.865028
48150000	1285.574938	0.753491	28.867351	949.056274	866.409868
48200000	1286.484794	0.733668	26.560238	946.835810	870.889559
48250000	1287.990631	0.756932	23.680950	944.480648	875.299921
48300000	1288.950320	0.744497	21.436032	941.992815	879.636829
48350000	1290.004148	0.722086	18.420914	939.374465	883.896210
48400000	1290.872348	0.770068	15.782287	936.627882	888.074050
48450000	1291.461650	0.759692	13.105262	933.755473	892.166401
48500000	1292.015052	0.805781	10.685117	930.759772	896.169381
48550000	1293.454538	0.773166	7.941061	927.643435	900.079177
48600000	1293.134438	0.737795	5.716594	924.409239	903.892054
48650000	1293.165832	0.786792	3.311104	921.060080	907.604356
48700000	1293.696587	0.792848	0.332912	917.598970	911.212509
48750000	1292.603824	0.792931	-2.746614	914.029037	914.713026
48800000	1293.347754	0.781859	-5.692317	910.353519	918.102512
48850000	1292.780198	0.768176	-7.655604	906.575766	921.377663
48900000	1292.457564	0.862040	-10.944693	902.699233	924.535277
48950000	1291.298612	0.785139	-13.805084	898.727481	927.572252
49000000	1291.238365	0.813395	-16.144559	894.664171	930.485589
49050000	1290.088897	0.837215	-18.209999	890.513062	933.272401
49100000	1289.399252	0.871200	-21.000349	886.278010	935.929909
49150000	1287.434976	0.861926	-23.783874	881.962961	938.455453
49200000	1286.482775	0.809848	-26.300036	877.571952	940.846487
49250000	1284.998015	0.841292	-28.458125	873.109103	943.100590
49300000	1283.686583	0.842024	-31.969254	868.578616	945.215463
49350000	1282.149955	0.840939	-33.998758	863.984771	947.188935
49400000	1280.113386	0.846362	-36.659611	859.331924	949.018964
49450000	1277.886856	0.793016	-39.782174	854.624499	950.703641
49500000	1275.984147	0.850961	-42.120686	849.866987	952.241193
49550000	1274.220647	0.824188	-44.743285	845.063942	953.629982
49600000	1271.696207	0.849629	-47.020250	840.219974	954.868512
49650000	1269.879426	0.885413	-48.911002	835.339750	955.955428
49700000	1266.858760	0.841423	-51.346506	830.427985	956.889519
49750000	1264.575359	0.829296	-54.105007	825.489437	957.669721
49800000	1261.481401	0.843660	-56.423164	820.528909	958.295114
49850000	1258.666255	0.923201	-58.244089	815.551236	958.764933
49900000	1255.609602	0.868733	-60.535261	810.561287	959.078559
49950000	1252.512632	0.857581	-62.775298	805.563957	959.235528
50000000	1249.220332	0.901608	-65.247595	800.564162	959.235528
50050000	1245.683180	0.862826	-67.554971	795.566838	959.078402
50100000	1242.283734	0.901102	-70.067759	790.576930	958.764149
50150000	1239.437073	0.885096	-70.934899	785.599393	958.292923
50200000	1235.605219	0.912504	-73.086466	780.639183	957.665037
50250000	1231.966989	0.888265	-75.477664	775.701254	956.880957
50300000	1228.119732	0.918243	-77.181589	770.790552	955.941313
50350000	1223.917099	0.887404	-78.942485	765.912013	954.846887
50400000	1220.202775	0.905025	-81.173253	761.070552	953.598622
50450000	1216.247147	0.908873	-82.413452	756.271063	952.197617
50500000	1212.064422	0.961341	-84.196465	751.518413	950.645129
50550000	1207.563165	0.924567	-85.746307	746.817434	948.942573
50600000	1202.832648	0.926858	-87.412530	742.172923	947.091517
50650000	1198.908756	0.958891	-88.558225	737.589631	945.093687
50700000	1193.701085	0.907909	-89.684982	733.072262	942.950963
50750000	1189.716873	0.944769	-91.018619	728.625468	940.665376
50800000	1185.385416	0.921939	-92.033810	724.253842	938.239111
50850000	1180.807578	0.922448	-93.651776	719.961913	935.674502
50900000	1176.110540	0.905763	-94.236781	715.754143	932.974033
50950000	1170.874104	0.903854	-96.052499	711.634919	930.140332
51000000	1166.006867	0.944152	-96.010816	707.608552	927.176175
51050000	1161.996700	0.899654	-97.659794	703.679268	924.084478
51100000	1156.779582	0.940773	-97.954001	699.851208	920.868299
51150000	1151.846322	0.917864	-98.632360	696.128418	917.530832
51200000	1147.305894	0.932893	-99.338653	692.514848	914.075408
51250000	1142.031948	0.902834	-99.621768	689.014345	910.505490
51300000	1136.800637	0.931743	-99.402046	685.630651	906.824667
51350000	1131.502898	0.940729	-100.072463	682.367397	903.036659
51400000	1127.065917	0.963793	-100.373046	679.228099	899.145306
51450000	1121.853740	0.928832	-99.513756	676.216152	895.154567
51500000	1116.385380	0.909202	-99.499554	673.334829	891.068518
51550000	1112.032888	0.942549	-99.516325	670.587275	886.891346
51600000	1107.014080	0.891473	-99.564175	667.976504	882.627347
51650000	1101.908250	0.959838	-99.043180	665.505394	878.280921
51700000	1097.500346	0.957562	-98.794014	663.176682	873.856568
51750000	1092.127636	0.889422	-97.392628	660.992966	869.358882
51800000	1087.576019	0.945816	-97.039203	658.956694	864.792549
51850000	1082.354848	0.922047	-95.984968	657.070167	860.162344
51900000	1077.269957	0.920404	-95.027492	655.335533	855.473119
51950000	1072.537047	0.914182	-93.588538	653.754783	850.729807
52000000	1067.979322	0.933562	-92.349983	652.329750	845.937411
52050000	1063.751772	0.931327	-91.562858	651.062106	841.101002
52100000	1059.172466	0.873597	-89.888758	649.953358	836.225713
52150000	1054.331040	0.909283	-87.897807	649.004847	831.316732
52200000	1050.328799	0.886913	-86.344390	648.217745	826.379301
52250000	1046.008291	0.939371	-85.068246	647.593055	821.418704
52300000	1041.443705	0.864860	-83.332546	647.131606	816.440269
52350000	1037.579019	0.918326	-80.818920	646.834050	811.449357
52400000	1033.654916	0.867241	-78.599607	646.700869	806.451357
52450000	1029.722895	0.921667	-76.187021	646.732362	801.451682
52500000	1025.972013	0.881767	-74.157573	646.928652	796.455764
52550000	1022.202079	0.856584	-71.864321	647.289683	791.469043
52600000	1018.369019	0.857705	-69.137440	647.815217	786.496967
52650000	1015.949217	0.846454	-66.216903	648.504837	781.544983
52700000	1012.200381	0.894242	-63.168187	649.357944	776.618531
52750000	1009.189327	0.863898	-60.822574	650.373756	771.723040
52800000	1006.064364	0.787103	-57.571825	651.551313	766.863918
52850000	1003.384470	0.857054	-54.940552	652.889470	762.046549
52900000	1000.866788	0.861371	-51.696975	654.386903	757.276288
52950000	998.317568	0.913801	-47.701680	656.042108	752.558451
53000000	996.000083	0.815252	-44.611007	657.853401	747.898311
53050000	993.779053	0.848806	-40.987674	659.818920	743.301092
53100000	992.277833	0.807518	-37.758104	661.936626	738.771963
53150000	989.980754	0.810797	-33.775403	664.204303	734.316033
53200000	988.749150	0.877899	-30.570483	666.619564	729.938341
53250000	987.094436	0.806010	-27.051789	669.179846	725.643853
53300000	986.393392	0.840783	-23.230630	671.882419	721.437458
53350000	985.102660	0.781195	-19.538508	674.724385	717.323957
53400000	983.365779	0.770267	-15.625549	677.702678	713.308061
53450000	983.230110	0.805153	-11.654735	680.814074	709.394384
53500000	982.457498	0.830076	-7.862656	684.055185	705.587437
53550000	982.638024	0.788819	-3.982972	687.422470	701.891624
53600000	982.648321	0.794578	-0.031036	690.912233	698.311234
53650000	981.989753	0.740325	3.553627	694.520627	694.850436
53700000	982.473775	0.735758	7.847384	698.243663	691.513277
53750000	983.306322	0.817793	10.899712	702.077207	688.303671
53800000	983.768361	0.769743	15.707713	706.016987	685.225400
53850000	984.846759	0.703463	19.078324	710.058599	682.282105
53900000	985.871104	0.758868	23.094474	714.197509	679.477281
53950000	986.782387	0.773223	26.475019	718.429058	676.814275
54000000	988.826989	0.782235	29.949270	722.748467	674.296280
54050000	990.133614	0.756908	33.742889	727.150845	671.926329
54100000	992.150315	0.733052	37.631122	731.631189	669.707294
54150000	993.834083	0.718961	41.396112	736.184391	667.641880
54200000	996.305546	0.715310	45.020320	740.805247	665.732619
54250000	998.163538	0.686546	48.772114	745.488457	663.981871
54300000	1000.397761	0.736339	51.151838	750.228637	662.391817
54350000	1003.172936	0.685001	54.513054	755.020319	660.964457
54400000	1006.905137	0.704013	57.624902	759.857960	659.701605
54450000	1009.221049	0.641906	61.015139	764.735948	658.604887
54500000	1012.350084	0.793714	64.130400	769.648610	657.675742
54550000	1015.747949	0.726533	66.566213	774.590214	656.915413
54600000	1019.876757	0.649837	69.645343	779.554980	656.324947
54650000	1022.612477	0.656693	72.110082	784.537083	655.905196
54700000	1026.314213	0.733313	74.794606	789.530663	655.656810
54750000	1030.059060	0.706182	77.385304	794.529831	655.580241
54800000	1033.583732	0.700091	78.824922	799.528672	655.675735
54850000	1038.038380	0.681110	82.111771	804.521258	655.943336
54900000	1042.141953	0.666983	83.919553	809.501651	656.382883
54950000	1046.470933	0.680805	85.883198	814.463913	656.994009
