0	13.928896	0.795329	70.845377	10.000000	10.000000
50000	17.800714	0.620349	83.080913	15.002010	10.001021
100000	22.018862	0.446813	89.421834	20.006028	10.005108
150000	26.989207	0.394539	92.419882	25.012045	10.014308
200000	31.561836	0.321432	95.521213	30.020047	10.030666
250000	36.645789	0.281235	96.984643	35.030008	10.056234
300000	40.789962	0.243747	98.027375	40.041889	10.093061
350000	46.592323	0.240486	98.002048	45.055639	10.143197
400000	51.468644	0.243631	98.483140	50.071186	10.208693
450000	56.359756	0.171483	99.492270	55.088439	10.291599
500000	61.014828	0.155530	99.279651	60.107287	10.393963
550000	65.867929	0.156099	100.182787	65.127591	10.517834
600000	71.218226	0.140487	99.675067	70.149186	10.665257
650000	75.909252	0.109473	100.311035	75.171877	10.838273
700000	81.043980	0.114036	99.899677	80.195436	11.038921
750000	85.654174	0.139689	100.176670	85.219602	11.269236
800000	90.886435	0.113368	100.429076	90.244076	11.531246
850000	95.957567	0.153109	100.338208	95.268521	11.826973
900000	101.226356	0.118381	100.494559	100.292557	12.158434
950000	105.777646	0.108199	100.155653	105.315761	12.527634
1000000	110.852752	0.101756	100.644217	110.337665	12.936570
1050000	116.030059	0.148553	100.467773	115.357753	13.387229
1100000	121.176823	0.152312	100.734238	120.375456	13.881585
1150000	126.796661	0.127958	100.793391	125.390158	14.421596
1200000	131.647189	0.053052	101.056327	130.401184	15.009209
1250000	135.865507	0.165980	100.971805	135.407808	15.646350
1300000	140.674654	0.084618	100.956116	140.409241	16.334929
1350000	146.839260	0.179919	101.411315	145.404640	17.076833
1400000	151.652603	0.096578	100.171796	150.393096	17.873929
1450000	157.088695	0.131556	100.561844	155.373641	18.728057
1500000	161.465426	0.129442	100.978952	160.345241	19.641031
1550000	166.694626	0.161976	100.697836	165.306798	20.614637
1600000	171.392230	0.137158	100.764117	170.257146	21.650628
1650000	176.956080	0.195643	100.837199	175.195052	22.750725
1700000	181.764107	0.174055	100.766432	180.119213	23.916609
1750000	186.370603	0.155522	100.592276	185.028259	25.149927
1800000	191.939301	0.113405	100.239464	189.920746	26.452281
1850000	196.567519	0.142261	100.150844	194.795162	27.825227
1900000	202.005834	0.159209	100.251650	199.649922	29.270277
1950000	206.394746	0.134512	99.994790	204.483368	30.788891
2000000	211.890625	0.198401	99.884643	209.293773	32.382473
2050000	216.829510	0.194356	99.391369	214.079336	34.052374
2100000	221.526124	0.100652	99.284353	218.838184	35.799883
2150000	226.686560	0.138657	99.240929	223.568373	37.626224
2200000	231.697843	0.198346	98.750270	228.267889	39.532559
2250000	236.358145	0.185802	98.405233	232.934647	41.519975
2300000	241.872807	0.177866	98.347900	237.566492	43.589488
2350000	246.567643	0.148103	97.959891	242.161203	45.742037
2400000	251.579277	0.258447	97.541807	246.716490	47.978481
2450000	255.951838	0.224223	96.828572	251.229999	50.299594
2500000	261.376621	0.211602	97.216786	255.699312	52.706062
2550000	265.932445	0.204114	96.376520	260.121950	55.198483
2600000	270.534391	0.204322	95.950071	264.495374	57.777358
2650000	275.418526	0.232024	95.437131	268.816988	60.443092
2700000	280.259665	0.266880	95.189479	273.084142	63.195986
2750000	285.143736	0.323922	94.669192	277.294134	66.036241
2800000	289.824761	0.256888	94.665921	281.444215	68.963946
2850000	294.816002	0.280413	93.415347	285.531589	71.979081
2900000	299.493688	0.224626	93.425925	289.553420	75.081512
2950000	303.778291	0.311125	92.529808	293.506832	78.270987
3000000	308.373637	0.247374	91.329934	297.388918	81.547135
3050000	313.463352	0.276415	90.577187	301.196737	84.909462
3100000	317.696663	0.242999	89.976243	304.927327	88.357347
3150000	322.036112	0.247449	89.475279	308.577703	91.890043
3200000	326.515380	0.321169	89.073427	312.144864	95.506672
3250000	330.813581	0.292833	87.972111	315.625798	99.206225
3300000	335.364705	0.276738	86.960498	319.017488	102.987556
3350000	339.285386	0.311778	86.250301	322.316914	106.849385
3400000	343.817729	0.299093	85.006294	325.521065	110.790295
3450000	348.211493	0.280350	84.639799	328.626938	114.808730
3500000	352.057057	0.370591	83.783576	331.631546	118.902993
3550000	357.062713	0.411676	82.651381	334.531926	123.071247
3600000	360.448359	0.362432	81.575679	337.325143	127.311516
3650000	364.351751	0.340805	80.431637	340.008298	131.621681
3700000	368.573878	0.365416	79.258484	342.578531	135.999482
3750000	372.423603	0.420269	78.472312	345.033030	140.442520
3800000	376.448381	0.426199	76.599543	347.369040	144.948253
3850000	379.782681	0.418960	75.321197	349.583863	149.514003
3900000	383.773934	0.426840	74.255744	351.674868	154.136953
3950000	387.779911	0.451148	72.710113	353.639501	158.814152
4000000	391.907636	0.463987	72.195031	355.475285	163.542511
4050000	394.856006	0.445563	70.616417	357.179831	168.318814
4100000	398.423119	0.424967	69.169193	358.750843	173.139713
4150000	401.789489	0.444294	67.276608	360.186126	178.001737
4200000	405.496275	0.521174	65.769095	361.483589	182.901288
4250000	408.378022	0.529481	65.075899	362.641255	187.834654
4300000	411.357837	0.498459	62.980949	363.657265	192.798005
4350000	415.161464	0.532168	62.410654	364.529884	197.787403
4400000	417.694611	0.489732	59.983663	365.257509	202.798803
4450000	420.534752	0.490537	57.624057	365.838671	207.828058
4500000	423.949207	0.459824	57.001512	366.272045	212.870930
4550000	426.559625	0.502577	55.652325	366.556452	217.923086
4600000	428.924854	0.539142	54.022072	366.690863	222.980115
4650000	432.385321	0.512733	51.863056	366.674407	228.037524
4700000	434.605566	0.581727	50.458297	366.506377	233.090753
4750000	436.864603	0.572372	48.401319	366.186226	238.135175
4800000	439.292378	0.581582	45.850614	365.713580	243.166109
4850000	441.196427	0.593497	44.391239	365.088236	248.178822
4900000	443.879129	0.582617	42.688076	364.310169	253.168540
4950000	445.510735	0.665649	41.180866	363.379531	258.130456
5000000	448.237987	0.630382	38.907702	362.296656	263.059735
5050000	449.993286	0.608803	36.466200	361.062060	267.951525
5100000	451.440775	0.668842	34.962097	359.676447	272.800962
5150000	453.215123	0.683083	32.958195	358.140705	277.603184
5200000	454.976566	0.635129	30.622554	356.455910	282.353332
5250000	456.139359	0.612525	28.611271	354.623326	287.046564
5300000	457.930469	0.688697	26.510494	352.644404	291.678062
5350000	458.941701	0.732930	24.885959	350.520783	296.243040
5400000	460.384716	0.728745	23.404818	348.254288	300.736755
5450000	461.071862	0.697989	20.869827	345.846929	305.154511
5500000	462.228203	0.733587	18.306341	343.300901	309.491671
5550000	463.146411	0.737827	16.898531	340.618578	313.743666
5600000	463.600243	0.731884	14.389272	337.802514	317.906001
5650000	464.635215	0.756155	12.236088	334.855438	321.974265
5700000	465.657262	0.737343	10.268387	331.780251	325.944137
5750000	465.475582	0.773862	8.290559	328.580023	329.811398
5800000	465.397058	0.836538	6.087489	325.257988	333.571934
5850000	465.856945	0.780212	4.059631	321.817537	337.221746
5900000	466.361360	0.822424	1.538893	318.262219	340.756959
5950000	465.983989	0.769841	-0.635828	314.595728	344.173825
6000000	465.922288	0.830206	-3.112248	310.821903	347.468731
6050000	465.548178	0.825924	-4.583469	306.944718	350.638210
6100000	466.128454	0.833401	-7.006622	302.968280	353.678939
6150000	465.279635	0.856779	-9.421529	298.896817	356.587752
6200000	464.711121	0.881829	-11.022842	294.734673	359.361643
6250000	464.106613	0.838510	-13.432097	290.486304	361.997768
6300000	463.457689	0.935707	-15.483353	286.156264	364.493455
6350000	462.501667	0.904212	-17.925506	281.749202	366.846205
6400000	461.785327	0.875764	-20.448513	277.269853	369.053696
6450000	460.812221	0.871681	-21.588465	272.723029	371.113788
6500000	459.470439	0.955141	-24.230053	268.113610	373.024523
6550000	457.869858	0.974123	-26.634236	263.446538	374.784133
6600000	456.403740	0.967348	-28.159884	258.726806	376.391036
6650000	455.547728	0.985146	-30.325439	253.959451	377.843841
6700000	453.706900	0.974619	-32.263341	249.149542	379.141350
6750000	452.259281	0.971581	-34.542935	244.302178	380.282557
6800000	449.915684	0.972514	-37.178378	239.422471	381.266648
6850000	448.783054	1.029298	-38.625251	234.515543	382.093004
6900000	445.871752	1.017042	-40.685736	229.586517	382.761195
6950000	444.091456	1.049833	-42.488815	224.640503	383.270986
7000000	441.827198	1.073656	-43.780130	219.682598	383.622329
7050000	439.392097	1.032315	-46.307448	214.717869	383.815366
7100000	437.317478	1.062648	-48.593007	209.751351	383.850425
7150000	434.712681	1.079483	-50.447071	204.788037	383.728016
7200000	432.234114	1.129896	-51.974414	199.832869	383.448830
7250000	429.225327	1.079216	-53.916401	194.890729	383.013735
7300000	427.231153	1.128182	-55.548769	189.966437	382.423773
7350000	423.913872	1.159469	-57.333819	185.064739	381.680152
7400000	421.459254	1.178416	-58.494341	180.190299	380.784248
7450000	418.075686	1.102607	-60.833754	175.347697	379.737596
7500000	415.148942	1.123642	-62.499221	170.541419	378.541884
7550000	412.024686	1.198312	-64.405594	165.775854	377.198951
7600000	408.010576	1.182397	-65.287031	161.055282	375.710780
7650000	404.892869	1.178464	-67.467106	156.383876	374.079492
7700000	401.826914	1.198677	-68.437944	151.765692	372.307339
7750000	398.825409	1.205822	-70.912518	147.204666	370.396700
7800000	395.180026	1.214213	-71.948303	142.704608	368.350073
7850000	391.178896	1.183539	-73.118921	138.269202	366.170068
7900000	387.630462	1.234473	-74.511761	133.901995	363.859403
7950000	383.984924	1.233117	-75.598665	129.606400	361.420893
8000000	380.167634	1.212887	-77.442752	125.385691	358.857449
8050000	376.572228	1.211296	-78.395135	121.243000	356.172062
8100000	372.320517	1.298449	-79.671305	117.181313	353.367808
8150000	368.323242	1.279320	-80.806305	113.203472	350.447828
8200000	364.144613	1.252297	-82.188942	109.312169	347.415332
8250000	359.987258	1.299455	-83.060198	105.509949	344.273585
8300000	356.031038	1.269964	-84.098359	101.799204	341.025902
8350000	351.371448	1.332023	-85.027288	98.182180	337.675643
8400000	347.191169	1.305043	-86.052329	94.660967	334.226203
8450000	342.584620	1.294702	-87.406654	91.237507	330.681007
8500000	338.661522	1.318952	-87.666472	87.913591	327.043503
8550000	334.113646	1.303866	-88.943314	84.690862	323.317153
8600000	329.704302	1.371690	-89.853076	81.570811	319.505431
8650000	325.143247	1.385333	-90.591930	78.554784	315.611813
8700000	321.008220	1.299609	-92.147754	75.643981	311.639773
8750000	315.883872	1.268278	-91.128902	72.839456	307.592776
8800000	311.417487	1.350198	-92.732027	70.142123	303.474271
8850000	306.987843	1.363452	-93.722232	67.552756	299.287686
8900000	302.376401	1.354443	-94.314120	65.071991	295.036424
8950000	297.540837	1.341368	-94.535172	62.700330	290.723858
9000000	292.665836	1.351817	-95.131799	60.438144	286.353321
9050000	287.766500	1.330293	-95.087888	58.285673	281.928108
9100000	282.853666	1.377779	-95.907012	56.243033	277.451466
9150000	278.357029	1.356128	-96.680378	54.310221	272.926593
9200000	273.859963	1.409506	-96.685618	52.487110	268.356631
9250000	268.570190	1.392911	-97.584913	50.773461	263.744665
9300000	263.853126	1.384919	-97.035209	49.168926	259.093717
9350000	259.056097	1.381948	-98.299260	47.673045	254.406743
9400000	254.133265	1.379354	-97.897328	46.285258	249.686631
9450000	248.773816	1.432052	-98.743547	45.004905	244.936196
9500000	244.113765	1.408695	-98.103109	43.831228	240.158180
9550000	239.299014	1.400165	-98.518446	42.763381	235.355246
9600000	233.564911	1.395550	-98.673230	41.800427	230.529979
9650000	229.193919	1.379060	-99.219491	40.941350	225.684881
9700000	224.251493	1.402447	-98.414038	40.185050	220.822371
9750000	219.184702	1.362409	-98.007462	39.530354	215.944784
9800000	214.709576	1.411111	-98.145042	38.976019	211.054368
9850000	210.168795	1.421124	-98.379144	38.520731	206.153283
9900000	204.778112	1.408209	-97.664636	38.163116	201.243600
9950000	199.815572	1.380157	-97.638526	37.901738	196.327303
10000000	194.929674	1.368443	-97.188849	37.735107	191.406282
10050000	189.946555	1.373463	-96.660745	37.661680	186.482341
10100000	184.780789	1.363405	-96.245395	37.679867	181.557191
10150000	181.053015	1.389585	-95.491696	37.788032	176.632452
10200000	175.730975	1.341757	-95.130136	37.984497	171.709655
10250000	171.186068	1.334705	-93.622615	38.267549	166.790240
10300000	166.387966	1.303686	-93.778153	38.635436	161.875557
10350000	161.937001	1.284976	-92.949746	39.086380	156.966867
10400000	157.078946	1.245966	-91.570680	39.618570	152.065344
10450000	153.064422	1.378112	-91.324851	40.230171	147.172072
10500000	148.535633	1.330338	-90.009946	40.919327	142.288051
10550000	143.837098	1.195518	-88.825044	41.684160	137.414192
10600000	139.397284	1.257676	-86.874998	42.522776	132.551327
10650000	134.506541	1.208088	-85.341639	43.433265	127.700199
10700000	130.999569	1.214141	-83.662157	44.413706	122.861475
10750000	126.383097	1.248553	-81.950673	45.462164	118.035738
10800000	122.612759	1.167699	-80.542932	46.576701	113.223496
10850000	118.434768	1.172462	-77.666701	47.755368	108.425176
10900000	114.829631	1.103435	-75.891582	48.996213	103.641135
10950000	111.383386	1.122379	-73.032032	50.297281	98.871654
11000000	108.230897	1.060677	-70.021662	51.656616	94.116943
11050000	103.889976	0.995171	-66.176258	53.072261	89.377143
11100000	100.316665	0.991344	-63.327618	54.542261	84.652328
11150000	97.462089	0.968044	-59.325690	56.064662	79.942505
11200000	94.476284	0.918365	-55.104137	57.637514	75.247622
11250000	92.569072	0.883883	-49.976067	59.258872	70.567560
11300000	89.884313	0.817181	-45.359849	60.926794	65.902146
11350000	88.226784	0.720945	-40.467511	62.639347	61.251148
11400000	85.243966	0.728706	-34.554586	64.394602	56.614280
11450000	84.273593	0.657707	-28.705900	66.190635	51.991203
11500000	82.806837	0.627362	-22.180440	68.025533	47.381528
11550000	81.791539	0.591343	-15.441491	69.897386	42.784820
11600000	81.281455	0.509679	-9.129448	71.804296	38.200595
11650000	80.629698	0.418019	-2.267302	73.744368	33.628329
11700000	81.063669	0.388541	4.191428	75.715718	29.067454
11750000	81.575199	0.333031	11.519768	77.716466	24.517367
11800000	82.168297	0.293918	17.208571	79.744742	19.977424
11850000	83.236184	0.142666	23.790837	81.798681	15.446952
11900000	84.757562	0.129826	29.242419	83.876425	10.925242
11950000	86.514654	0.023411	35.054951	85.976123	6.411558
12000000	88.511488	0.037542	41.041352	88.095927	1.905135
12050000	90.167693	0.010268	45.367837	90.233996	-2.594813
12100000	92.267390	-0.032644	50.134755	92.388493	-7.089099
12150000	94.832478	-0.092929	53.980124	94.557586	-11.578553
12200000	97.992132	-0.167315	57.777759	96.739442	-16.064025
12250000	100.762254	-0.196479	60.944110	98.932236	-20.546377
12300000	103.925580	-0.246683	64.378465	101.134141	-25.026487
12350000	107.355522	-0.344849	66.974617	103.343332	-29.505242
12400000	110.551108	-0.336262	69.416817	105.557983	-33.983539
12450000	114.843977	-0.323963	71.564124	107.776268	-38.462278
12500000	117.961136	-0.349342	73.739619	109.996361	-42.942366
12550000	121.461732	-0.400151	75.789363	112.216431	-47.424709
12600000	125.719840	-0.369270	77.425565	114.434645	-51.910212
12650000	129.733793	-0.453319	78.691575	116.649167	-56.399776
12700000	133.402860	-0.493162	80.563995	118.858155	-60.894297
12750000	137.758899	-0.473474	81.675528	121.059761	-65.394662
12800000	141.789098	-0.485568	82.878337	123.252132	-69.901748
12850000	146.043341	-0.522831	83.129221	125.433407	-74.416417
12900000	150.793757	-0.576062	84.561349	127.601717	-78.939517
12950000	154.122058	-0.565631	85.234190	129.755186	-83.471877
13000000	158.875230	-0.578472	85.897906	131.891927	-88.014305
13050000	163.236970	-0.619920	86.589877	134.010045	-92.567586
13100000	166.266674	-0.640293	87.655883	136.107633	-97.132482
13150000	171.268450	-0.629083	87.121993	138.182775	-101.709723
13200000	175.617996	-0.627336	87.820327	140.233544	-106.300012
13250000	180.133786	-0.694505	88.870775	142.258001	-110.904017
13300000	185.073067	-0.711652	89.171940	144.254195	-115.522372
13350000	189.157802	-0.701867	88.605561	146.220165	-120.155671
13400000	193.444800	-0.714663	89.261985	148.153935	-124.804471
13450000	197.766737	-0.710958	89.575628	150.053521	-129.469282
13500000	202.694178	-0.732783	89.941653	151.916926	-134.150572
13550000	207.484178	-0.738684	90.464136	153.742139	-138.848759
13600000	211.675950	-0.723746	90.167657	155.527141	-143.564213
13650000	215.971723	-0.739640	90.027183	157.269902	-148.297249
13700000	221.502843	-0.771778	89.730373	158.968379	-153.048128
13750000	225.160568	-0.815310	90.295930	160.620523	-157.817053
13800000	229.310031	-0.801365	90.004513	162.224273	-162.604167
13850000	234.496777	-0.746724	90.156091	163.777563	-167.409551
13900000	239.026361	-0.803527	89.727423	165.278319	-172.233221
13950000	242.811187	-0.842457	89.884711	166.724460	-177.075126
14000000	247.618608	-0.772571	89.830196	168.113901	-181.935145
14050000	252.124811	-0.800266	89.660605	169.444557	-186.813086
14100000	256.912620	-0.869273	90.007739	170.714337	-191.708684
14150000	261.142373	-0.864570	89.409906	171.921153	-196.621598
14200000	265.842665	-0.892408	89.661003	173.062918	-201.551408
14250000	270.501020	-0.870257	88.905948	174.137551	-206.497615
14300000	274.481945	-0.882519	89.084287	175.142974	-211.459639
14350000	279.375287	-0.983620	88.111920	176.077121	-216.436815
14400000	283.406743	-0.904742	88.423296	176.937934	-221.428394
14450000	287.611969	-0.887855	87.891716	177.723370	-226.433540
14500000	291.652124	-0.915013	87.653075	178.431401	-231.451327
14550000	296.645474	-0.951526	87.136751	179.060018	-236.480743
14600000	300.957963	-0.996051	86.898128	179.607237	-241.520680
14650000	305.085444	-0.940853	86.811906	180.071094	-246.569943
14700000	309.766241	-0.974714	86.373657	180.449657	-251.627240
14750000	314.059170	-0.960646	85.371810	180.741025	-256.691186
14800000	318.095863	-0.958608	85.250787	180.943329	-261.760304
14850000	322.143113	-0.980569	85.273002	181.054744	-266.833017
14900000	326.148504	-0.980403	84.232000	181.073483	-271.907657
14950000	331.091214	-0.960518	83.452400	180.997807	-276.982458
15000000	334.888250	-1.000652	83.346647	180.826027	-282.055557
15050000	339.003842	-1.001722	82.543085	180.556507	-287.125000
15100000	343.482943	-1.048727	81.802973	180.187670	-292.188733
15150000	347.790334	-1.050668	81.476824	179.718003	-297.244610
15200000	351.476672	-1.042230	80.991910	179.146057	-302.290391
15250000	355.777878	-1.067405	79.501295	178.470453	-307.323744
15300000	359.309466	-1.035327	78.552190	177.689891	-312.342245
15350000	363.353403	-1.058976	78.069985	176.803147	-317.343380
15400000	366.660475	-1.030377	77.177888	175.809081	-322.324548
15450000	371.356493	-1.063634	76.221709	174.706644	-327.283062
15500000	374.478124	-1.063795	75.741297	173.494875	-332.216149
15550000	378.448370	-1.043531	74.668887	172.172914	-337.120957
15600000	382.034681	-1.090258	73.775378	170.740000	-341.994557
15650000	386.142416	-1.118055	72.438103	169.195476	-346.833940
15700000	389.485411	-1.198951	71.525627	167.538798	-351.636030
15750000	394.001945	-1.177139	70.525388	165.769533	-356.397678
15800000	397.227145	-1.158142	70.094116	163.887367	-361.115672
15850000	400.130428	-1.166424	68.530199	161.892107	-365.786740
15900000	403.516951	-1.179424	67.335708	159.783684	-370.407553
15950000	406.988136	-1.209118	66.172819	157.562161	-374.974729
16000000	410.274822	-1.245306	65.110521	155.227731	-379.484839
16050000	412.994046	-1.190822	63.845899	152.780724	-383.934413
16100000	416.840127	-1.194045	62.461448	150.221609	-388.319943
16150000	419.663352	-1.196333	60.943191	147.550995	-392.637890
16200000	422.828609	-1.223663	59.684856	144.769640	-396.884689
16250000	425.811759	-1.203091	57.732080	141.878444	-401.056755
16300000	428.294691	-1.260126	56.866006	138.878459	-405.150489
16350000	431.210179	-1.223917	55.387642	135.770889	-409.162287
16400000	433.398646	-1.249529	53.829529	132.557089	-413.088541
16450000	436.519969	-1.220455	52.425960	129.238571	-416.925649
16500000	439.779514	-1.289773	51.021216	125.816999	-420.670023
16550000	442.182265	-1.306570	49.283261	122.294198	-424.318093
16600000	444.390181	-1.283451	47.809574	118.672146	-427.866317
16650000	446.432753	-1.316556	46.387683	114.952980	-431.311184
16700000	448.795623	-1.308155	44.337814	111.138993	-434.649225
16750000	450.794703	-1.367698	43.289824	107.232635	-437.877020
16800000	452.752803	-1.373898	40.893416	103.236512	-440.991203
16850000	454.817538	-1.338584	39.006740	99.153383	-443.988470
16900000	456.670358	-1.301278	37.950782	94.986160	-446.865589
16950000	458.658765	-1.360320	35.531868	90.737905	-449.619403
17000000	460.668273	-1.409510	33.327421	86.411830	-452.246843
17050000	461.838516	-1.352151	31.975729	82.011290	-454.744927
17100000	463.450909	-1.422505	29.981766	77.539785	-457.110776
17150000	464.697783	-1.441915	28.475340	73.000950	-459.341615
17200000	466.297328	-1.385948	26.249003	68.398560	-461.434784
17250000	468.006793	-1.396047	24.052592	63.736516	-463.387740
17300000	468.565335	-1.448026	22.456302	59.018847	-465.198069
17350000	470.072679	-1.453973	20.210110	54.249704	-466.863487
17400000	471.163521	-1.476703	18.633038	49.433352	-468.381853
17450000	472.058154	-1.426440	16.758603	44.574168	-469.751168
17500000	472.653618	-1.452810	15.098749	39.676630	-470.969583
17550000	472.823215	-1.544284	12.561019	34.745317	-472.035409
17600000	474.102143	-1.517106	10.748421	29.784898	-472.947116
17650000	474.557069	-1.489732	8.326237	24.800125	-473.703339
17700000	474.759085	-1.547452	6.257439	19.795829	-474.302887
17750000	474.693126	-1.530108	4.421907	14.776909	-474.744741
17800000	475.919271	-1.510185	2.269218	9.748327	-475.028063
17850000	475.256612	-1.609614	0.034907	4.715099	-475.152196
17900000	475.052705	-1.536705	-2.247831	-0.317714	-475.116670
17950000	474.846366	-1.564601	-4.450267	-5.345013	-474.921199
18000000	474.780770	-1.555751	-6.575742	-10.361669	-474.565693
18050000	474.580593	-1.587950	-9.218721	-15.362532	-474.050249
18100000	473.954870	-1.589820	-10.682227	-20.342442	-473.375160
18150000	473.012521	-1.605213	-12.573527	-25.296235	-472.540912
18200000	472.171108	-1.628425	-14.336047	-30.218750	-471.548188
18250000	471.293435	-1.665742	-17.282068	-35.104844	-470.397863
18300000	470.914226	-1.640377	-19.094138	-39.949396	-469.091008
18350000	469.902763	-1.674093	-21.054482	-44.747316	-467.628889
18400000	469.068283	-1.703162	-23.638335	-49.493556	-466.012961
18450000	467.632057	-1.692870	-25.541536	-54.183118	-464.244872
18500000	466.662385	-1.678228	-27.597708	-58.811061	-462.326458
18550000	464.742536	-1.667784	-30.436028	-63.372511	-460.259739
18600000	462.237064	-1.697332	-31.899144	-67.862670	-458.046921
18650000	460.997873	-1.766359	-34.578073	-72.276823	-455.690385
18700000	459.792643	-1.720571	-36.821570	-76.610346	-453.192690
18750000	458.104080	-1.775190	-38.301195	-80.858716	-450.556565
18800000	455.909077	-1.781409	-40.441870	-85.017514	-447.784904
18850000	453.275912	-1.753223	-42.512426	-89.082436	-444.880764
18900000	451.343008	-1.761266	-44.393544	-93.049301	-441.847355
18950000	448.969503	-1.763474	-46.622608	-96.914053	-438.688040
19000000	446.783971	-1.780903	-48.745820	-100.672773	-435.406321
19050000	444.571802	-1.794516	-50.282704	-104.321681	-432.005842
19100000	441.362176	-1.802972	-52.307697	-107.857143	-428.490374
19150000	439.278789	-1.857945	-54.115992	-111.275676	-424.863812
19200000	436.637467	-1.863750	-56.238862	-114.573956	-421.130168
19250000	433.428384	-1.840359	-57.752260	-117.748817	-417.293561
19300000	430.922005	-1.865387	-59.818055	-120.797260	-413.358212
19350000	427.005544	-1.857510	-61.051052	-123.716456	-409.328436
19400000	424.729059	-1.925291	-63.374454	-126.503746	-405.208630
19450000	421.093835	-1.881549	-65.030450	-129.156649	-401.003272
19500000	418.054180	-1.930104	-66.432848	-131.672861	-396.716904
19550000	414.701035	-1.863467	-68.460507	-134.050257	-392.354132
19600000	411.696216	-1.937989	-69.856247	-136.286897	-387.919611
19650000	407.423679	-1.882473	-71.745473	-138.381019	-383.418043
19700000	404.170176	-1.908236	-72.592638	-140.331051	-378.854161
19750000	401.043718	-1.947089	-74.476371	-142.135600	-374.232727
19800000	396.471036	-1.876362	-75.962756	-143.793460	-369.558520
19850000	392.612438	-1.946686	-77.355900	-145.303608	-364.836330
19900000	389.100444	-1.968357	-78.958281	-146.665204	-360.070949
19950000	384.707246	-1.958965	-80.972802	-147.877590	-355.267159
20000000	380.757964	-1.986713	-81.733901	-148.940287	-350.429732
20050000	376.854885	-1.954612	-83.218407	-149.852995	-345.563414
20100000	373.062921	-1.944380	-84.429971	-150.615589	-340.672923
20150000	368.524688	-2.069850	-85.721761	-151.228117	-335.762939
20200000	364.044197	-2.021964	-86.277086	-151.690796	-330.838096
20250000	359.922757	-1.949909	-87.783214	-152.004010	-325.902977
20300000	355.598465	-2.049070	-88.656362	-152.168305	-320.962106
20350000	350.658208	-1.970489	-90.235725	-152.184385	-316.019941
20400000	346.051245	-2.035792	-90.734147	-152.053109	-311.080868
20450000	341.468208	-2.018356	-91.473970	-151.775486	-306.149197
20500000	337.304898	-2.044235	-91.833729	-151.352667	-301.229150
20550000	332.667191	-1.994866	-93.141146	-150.785945	-296.324865
20600000	327.366108	-2.070451	-93.938711	-150.076748	-291.440381
20650000	322.998298	-2.033007	-94.990330	-149.226630	-286.579640
20700000	318.861052	-2.077430	-94.720921	-148.237271	-281.746479
20750000	313.278094	-2.034170	-95.880767	-147.110466	-276.944629
20800000	308.776548	-2.063317	-96.528999	-145.848125	-272.177706
20850000	303.477330	-2.064575	-96.598510	-144.452260	-267.449211
20900000	298.694477	-2.118046	-96.782224	-142.924985	-262.762527
20950000	294.473558	-2.028465	-98.266098	-141.268507	-258.120914
21000000	289.247323	-2.116840	-97.415720	-139.485118	-253.527508
21050000	284.423092	-2.082697	-98.056509	-137.577195	-248.985317
21100000	279.481606	-2.065839	-97.868078	-135.547185	-244.497221
21150000	275.139722	-2.086066	-98.072846	-133.397607	-240.065970
21200000	269.264831	-2.039882	-98.477911	-131.131041	-235.694179
21250000	264.627969	-2.127398	-98.418215	-128.750121	-231.384334
21300000	259.824195	-2.120727	-98.493234	-126.257533	-227.138783
21350000	254.836531	-2.046250	-98.094217	-123.656006	-222.959744
21400000	250.175725	-2.039067	-98.230772	-120.948307	-218.849296
21450000	245.278492	-2.061246	-97.859703	-118.137233	-214.809386
21500000	240.153403	-2.050564	-97.571341	-115.225608	-210.841828
21550000	235.287936	-2.072983	-97.428671	-112.216276	-206.948299
21600000	230.464100	-2.090356	-95.909916	-109.112096	-203.130347
21650000	225.995615	-2.085016	-94.923375	-105.915934	-199.389385
21700000	220.824286	-2.080448	-95.077728	-102.630663	-195.726697
21750000	216.089604	-2.067194	-94.343169	-99.259152	-192.143440
21800000	212.252669	-2.027902	-93.614543	-95.804264	-188.640641
21850000	206.895170	-1.994865	-92.307549	-92.268852	-185.219202
21900000	202.126946	-2.003665	-90.989727	-88.655751	-181.879903
21950000	198.028430	-2.023259	-89.650762	-84.967779	-178.623403
22000000	193.426363	-2.007716	-88.687986	-81.207727	-175.450240
22050000	188.816833	-2.002999	-87.663825	-77.378357	-172.360838
22100000	185.284486	-1.975105	-85.687254	-73.482402	-169.355507
22150000	179.981838	-1.977857	-83.655484	-69.522555	-166.434445
22200000	175.913492	-1.960130	-81.765229	-65.501472	-163.597743
22250000	172.661424	-1.996729	-79.899722	-61.421765	-160.845385
22300000	168.428155	-1.920851	-77.839064	-57.286002	-158.177255
22350000	164.232903	-1.894251	-75.765532	-53.096700	-155.593137
22400000	160.696897	-1.876438	-72.481750	-48.856326	-153.092717
22450000	156.832666	-1.865312	-70.391829	-44.567293	-150.675591
22500000	153.700986	-1.806600	-67.120271	-40.231959	-148.341262
22550000	150.216506	-1.794030	-64.343822	-35.852624	-146.089150
22600000	147.559873	-1.759317	-60.829379	-31.431528	-143.918587
22650000	144.706279	-1.787762	-56.850667	-26.970848	-141.828830
22700000	141.811754	-1.725173	-53.404371	-22.472701	-139.819053
22750000	139.078031	-1.733429	-49.374671	-17.939138	-137.888360
22800000	136.978046	-1.707852	-45.221994	-13.372146	-136.035784
22850000	134.560730	-1.679330	-40.753124	-8.773647	-134.260288
22900000	132.344152	-1.600499	-36.351726	-4.145494	-132.560772
22950000	130.993613	-1.544747	-31.217384	0.510526	-130.936074
23000000	129.494178	-1.574785	-26.406863	5.192694	-129.384974
23050000	128.272276	-1.481160	-21.458602	9.899357	-127.906195
23100000	127.374908	-1.455297	-16.666742	14.628931	-126.498407
23150000	126.318877	-1.417063	-11.930750	19.379901	-125.160231
23200000	126.121077	-1.386758	-5.785290	24.150816	-123.890239
23250000	125.797377	-1.350508	-1.545066	28.940296	-122.686960
23300000	125.814048	-1.265979	4.177638	33.747025	-121.548879
23350000	126.895052	-1.251782	9.413776	38.569754	-120.474443
23400000	127.594230	-1.198784	14.379940	43.407297	-119.462059
23450000	127.658177	-1.160252	19.555832	48.258534	-118.510101
23500000	128.647414	-1.107026	24.068139	53.122409	-117.616910
23550000	130.249430	-1.138818	28.690646	57.997926	-116.780793
23600000	131.533000	-1.039156	33.926951	62.884151	-116.000033
23650000	134.199493	-1.053238	37.471546	67.780209	-115.272883
23700000	135.202266	-1.019220	41.743532	72.685283	-114.597570
23750000	137.857217	-0.940124	45.069728	77.598613	-113.972301
23800000	139.997966	-0.907577	49.271133	82.519495	-113.395259
23850000	142.812217	-0.939366	52.805009	87.447276	-112.864608
23900000	145.262801	-0.919641	55.800431	92.381357	-112.378491
23950000	148.387532	-0.840997	58.615146	97.321188	-111.935037
24000000	150.743479	-0.882495	61.603564	102.266266	-111.532356
24050000	154.240299	-0.785957	63.566614	107.216135	-111.168546
24100000	157.573517	-0.739424	66.290455	112.170384	-110.841690
24150000	160.946410	-0.738334	68.242234	117.128644	-110.549858
24200000	165.165585	-0.761864	70.075513	122.090583	-110.291109
24250000	168.274972	-0.728453	72.189027	127.055911	-110.063491
24300000	171.814971	-0.679458	74.145138	132.024371	-109.865044
24350000	176.030276	-0.693967	75.452248	136.995742	-109.693796
24400000	179.304742	-0.647027	76.751976	141.969830	-109.547768
24450000	183.209725	-0.638540	78.316115	146.946475	-109.424974
24500000	187.587942	-0.559109	79.875955	151.925541	-109.323421
24550000	191.025191	-0.570477	80.623478	156.906917	-109.241108
24600000	195.467543	-0.583735	82.062800	161.890513	-109.176029
24650000	199.400865	-0.573094	82.656841	166.876260	-109.126173
24700000	203.424694	-0.570677	83.509377	171.864106	-109.089523
24750000	207.872488	-0.540614	84.890162	176.854013	-109.064058
24800000	212.185333	-0.565770	85.797058	181.845957	-109.047751
24850000	216.911420	-0.543659	86.131920	186.839922	-109.038574
24900000	220.351386	-0.451544	86.507151	191.835901	-109.034494
24950000	225.069762	-0.515693	87.370092	196.833891	-109.033473
